2013370143
-1108109997
841086789
-353609544
1736164913
850618406
710357502
999272635
1522042577
1027065513
-68868017
-1598566421
-46243099
-753198809
668131086
-1944165456
250131743
1599800129
894087477
1245762970
-1660296024
-2105198503
-523954365
282839110
-1886455163
-197828263
326407135
465651726
-685368393
-1500601457
1287307662
1223015824
-619151389
-830917739
-1958206250
1072953456
-1672985298
468811810
210063858
-839073037
-1083069509
-992365288
335898991
-216150584
1645285471
-1263529200
-854841029
-700825485
-1996534931
-2030303782
864729113
-2050749984
1340704829
2084214868
494686494
1471749563
-1257991409
1036358621
-1095979426
-542712547
-142912823
-1702977600
1013825670
270926616
-209491159
-1981850023
813278577
-489958526
668993642
-1657842191
1351928933
1397159636
1502089226
820953967
501813322
1487885833
-898198648
1005260350
-1521144014
-1681409918
1414951525
-227873323
917034229
403574636
1554159242
-167340410
-206913133
1631060646
1033031228
429266324
631463483
262274322
1668571970
1425075818
510870682
473148610
2029929285
-1649402323
-1608380271
1579232957
939565158
-1466609637
-388910756
-863319154
794123299
-1034100637
-1787696314
503993691
1270042522
1406728887
-369243901
172280251
-1342810380
1131472603
-566825443
-1858515506
1839666347
907600806
741523396
1922517651
-2126284485
779187432
2090169891
-277530949
488395158
-321606665
-276264017
1618821298
-943257017
-759257729
-1396334845
-696807728
-1464369348
943338376
938642164
-83456304
-1133927121
-2057310950
-1727276166
-465258152
2008521575
-1848613295
1953077722
563456447
256630822
-1071133320
469498561
1737807408
1986500539
-373581738
-1586897485
1941188497
-1414515288
-1460870848
-50826847
-383768503
980805357
879080568
-247681347
-1978748471
68103601
-1979301126
-2089343753
-104580043
412342084
-1937799268
1511563200
471303187
477995364
-1731579509
1035559121
1909612906
786671701
1524922942
-401664670
-1620370858
204126331
41755813
1012231293
-2103600593
363231640
-617776529
1140445107
-343671957
1006603632
-856387487
-620460283
457578580
532209997
-1704794473
796154248
-2098254426
-954846334
922049037
1539037294
362629896
2103770724
-2003286311
-1697760833
1699494775
1955597394
-381800447
-1998725738
745290383
-1669522445
-1128554330
1835169626
1185771008
-2117370584
-165039241
-877753796
-839546481
-1941800445
1980734584
-16614616
316946712
1588834612
1658858539
-959137815
-895446961
-843719264
-1285974454
607353108
-122813322
-2057542787
-885495353
515318818
341953777
107968721
-553254071
-547869567
1322474747
-1473904324
1248419601
1446317611
-1385737417
1074953785
1957080925
176592821
-1594805914
1841671273
1772654961
1700343800
-522296510
415543486
-1011933362
-50634695
212303032
1970828892
1591190008
1431667394
-930478859
-932701023
-2030672792
1400981392
-1136585166
-1846914828
-1870192379
-524517249
1607907186
-31710947
-551004969
-614046652
346359939
-1646302658
1022924768
1562156563
543342980
-748409824
-50793393
250598489
-848759445
-1965640305
-585264444
-2145317211
-388573704
482257019
1174246359
2098629704
-165329668
-1666365277
470879140
-1246323945
-1411697603
2140249016
1372844352
552750722
-1228807078
118142562
-566235567
-1380787019
828405344
1921036902
700247709
-1071249758
1839777763
-439627571
-263835406
-1483482889
204123180
-1837537529
-1174893702
2124746219
-314810295
-1242910963
240322785
-40619010
734506393
-520411888
1317622438
-809765310
1016088372
-1047264289
1003920890
1891358231
-1868673759
-2102453737
745903287
-1321853285
1079847470
598973799
-544344940
-1427718220
1500449115
-539925480
-989748120
-573527986
-2114342147
-507720227
1831356234
-125911925
-1979059836
-364923208
405329808
-1550054091
146915351
1378380867
2002629698
1408506545
-1602151591
-1702590943
-1476349349
773760104
-623919222
-335608320
1840166086
-463190375
1978794846
1547328439
741636374
-276943324
891015728
-518519516
-1369107364
1401728768
1711969264
-1385596306
-609500498
1568291035
-2030918180
2144952659
1662543942
-1420770053
-1211058302
2139444937
1045438903
862894245
-1792709009
23783387
-698813611
-1900078651
-1892591267
669747934
1860754478
734660224
1085666559
-1459665259
-1684492733
-1195625742
-1433834815
1771558290
-955938995
-1657864114
1282542820
-1943177508
29322362
2528662
1053725182
-676149116
173739294
440169380
1156858654
-805774823
-701020616
-1109243479
588968438
-947910036
-1624528658
853037771
560094878
283011668
214783798
2072629096
602433756
-777173522
1279321461
-1181765986
-1134271573
-2110904409
-1139170733
973916351
1093038208
-45794407
-1151425425
-207511735
-1616656816
1283812810
50148213
-1019186562
466981631
1366635676
-398231303
1950894288
780215895
-1968588975
-258240735
-918777769
-221385280
2020516141
239191485
-1618078825
-1511737498
-1238523293
-231022005
1515059611
-1701934063
-391099431
-360263882
1876031662
-1556373025
394383748
1304808802
-1755967022
331964415
-285563772
-1392589208
335826464
-1047450823
-271999519
-1067059398
1197145644
513558613
691714684
-1741838617
-654532370
-363771101
1694398880
-1367002966
1832761524
201113634
1057889850
-1286857356
634682555
1736328473
-1933804398
1508100726
1732039337
-430091052
1634181065
-567259729
99074183
-645173757
1754948097
585732765
659866890
335553126
2008555049
-2113628592
134993513
249321072
-1870064637
-587389251
-269393673
955193919
2129922294
635528836
-1537327408
-882869694
-524725006
2006873134
507367274
-1641946766
1857298859
40445251
-259813266
1637628434
729713498
-1430512631
1567232801
-2036046769
-1701454637
-179541659
-30570117
544929367
-1795018254
-331807929
-3801347
263135984
-1955440608
-915754136
1173431473
577672599
-636467226
1872840891
-1351098310
930151369
651371632
-1690348263
1074819192
1544606990
746135809
-630404589
931302805
-1381125915
-1559009146
-1198004587
2041470528
963159683
-2133283518
1460133975
-2039902766
1907691966
809524900
363575848
1819955012
982955484
-561750323
-550469252
-1652004989
-684913145
-353482793
525863767
39152176
660311212
-240203503
2029438812
1627353240
896281904
1922329821
667231253
2118422938
-1545629278
1541087255
-1114794174
2051614789
1321773045
-211573463
-1994260161
626896319
-1400757823
1997250769
-1035685764
-61075116
487546054
-1915660325
2115158917
1172704703
-1331427909
-793198919
701899399
-1085477028
686038968
1057855374
-1490542923
-675213793
1204445379
1446580760
1940130315
-2108612771
1159510001
44404282
-392968860
-1981946653
-1353914771
572521573
1998779742
789652632
-369185194
449605061
1423321049
1533002054
-1686100867
-1249399978
1169985139
139081115
1650023057
178803228
-379829748
730480412
327116938
-503091306
-879256738
1274032931
-780024377
-1390171782
436982607
1904697285
-1779270755
1935055599
-1795062349
376487018
281119507
266286808
1400209600
1090995632
-1049352321
-1251344840
1058570415
-1406178801
16813037
1409604922
1462650404
-796904269
-665094835
762538228
-534842004
620639571
-1884949750
-940092694
21191264
1981788171
-1061743883
-73432039
2079071323
567984314
-330784540
-1535555203
-122537847
1263644121
536493611
-1241301809
-1054516342
-2017761226
-1456430404
1904172867
694505665
1119733256
104233297
623575273
-1639398367
1154945269
1161496158
-1993313148
2066751088
-1389067368
529029754
47923282
-1597489495
-949615465
-1277376108
-824539764
819028435
-1290871398
978070565
-1106512129
-769898439
1737041063
-506720449
1060276540
449341436
-156938941
1946504802
-234166975
1345272473
1059077457
-617147343
1747766837
1117481984
862041718
-740152567
1565017263
-2106764728
1950364586
-1938080828
-1178250663
532590338
-788897848
1486287340
-1464253376
-760258340
1154214909
1845835181
498045163
56682562
-1511981114
438012880
-1946889472
40081059
-1255004390
433976850
-2085628573
1563479692
552006361
1550474427
-324364035
1731765830
-248328521
1586931026
-75939096
-7579960
2128702701
-1069982389
868830540
15629861
-88770180
1763530340
-974890121
-265458390
571461329
847573255
-1509883808
209109880
-1790269762
-1176496008
2112883946
2133427951
-1077272092
1148315502
576240043
2013960815
-786639710
1282708020
-1029473260
-1178081635
103511329
-35342007
1250265585
1054535057
-1058692811
-1249005204
1469791367
-583417541
592660721
1990131971
-1896896899
2031489858
37158940
-581890170
-322073665
-1500757211
-558759089
-848286059
1755875003
-1256687424
-1444349310
751354746
1728943068
2006427032
2094579970
346746874
2081407725
115592297
480510258
1607719547
1204990516
-222526442
2021664892
1233492936
1026238082
1598659568
1468128016
1002297513
-648448259
766814532
-594744764
1652159667
1929575107
1372512950
1532747074
-800937613
-160835148
854365979
-332946770
-1371383602
-808234433
-212003246
-1000815598
1084345542
620903421
-1431092797
-304233148
1629780558
1300446670
-1092323240
451101905
-1546052880
-991437661
52939489
-518812290
1484169898
-761756896
1818627289
1440064328
591555815
-758416471
1072540345
1724147637
967866672
-992138412
867322484
-1721896706
916506055
118310213
87957834
735856314
-110071593
1016097406
1155752927
2059923830
1777725706
485179586
-1215471210
-1034857901
-44797319
463456129
-1786555316
-1916773379
-812809037
1417212491
-1705806751
-784797628
-1818210223
1614285283
-593970232
1657498877
-1209637965
-715607258
1704187476
-2106939555
-1630178592
199635285
-2109347282
-426967850
408579649
26131043
-1102029350
1942482315
-1760401043
-1785609075
-1195706447
-996212837
1279837002
749651098
758885
-1462835017
5596627
2109484186
-1880769032
1136374139
251908690
-1386009660
-512859720
1196401008
-1828259774
2138002505
881660857
-582198149
1853887163
1835354399
-826805333
-497255097
1670599595
300635054
1022098551
538785168
-1371553770
1298215790
1110065150
801842711
572457105
197041604
204132381
1119333393
936359794
-300335707
1444336020
1598163431
-680497170
-741660278
-394455057
1627541161
-715722549
-1805500377
1038895282
926025610
-1220087433
-1381295820
944592970
1648790230
1137172784
-828501371
397888401
1574887883
1233318627
712520657
876259132
-504238565
2084520156
-1646206695
-1424877697
-844368693
-111942338
-1230973578
287392203
1372520751
-1300065690
744741128
1703154814
-255782222
-2098852256
1640871050
-1924841598
1447843383
-83950000
-50980342
-17736963
2129312974
1170289092
78475908
-321816221
-879441326
-92226847
-216459631
-1059332912
-864882089
983420273
1859695045
-101963006
1171514327
-1333514870
471771976
175635123
-84185328
1822738271
-1257467500
2047828256
651438502
-465176037
1479411314
-1537416609
-689972381
1908669198
-905627074
-1964505010
-1657983134
728722947
1163873014
-845222188
1770726318
-1618981651
6336049
699369897
1189056607
1014125064
-917894574
1516617709
315849351
1896734289
-968258479
691940059
1333970243
2030323943
798510692
2003714508
142121591
-1581797180
253458327
-851029649
-2024760169
1222188059
428330954
-1762077478
644323114
-875958814
-955033157
435153093
-1993866832
1206323351
-1697389730
-674259710
-2024404208
505600761
-100700249
459233537
639885829
-91250750
-1845483591
-1230233751
1547574399
-642810237
