558573900
-833962388
-1538428638
-164304009
-1391312496
1069758177
836822798
931768865
-686401035
-575631936
-923622081
1967730370
2109811841
-2031121911
-239047503
49153533
817331925
1564199032
1073613294
-745440817
919495736
-1882256417
-548086347
-95584920
585623363
1495411673
570248373
1291769172
-1494055470
-1140388876
-57800483
-1475651652
2055165750
1785895863
-562140160
895256051
-2084430820
1755678951
405073935
1533035461
285909111
1012192461
-287003491
411907522
-1388626376
-1928392098
1779080852
348299142
-1604388665
-1014088707
-981798495
804160531
1370744635
-219458092
1878874294
-1603441863
321521913
-1673639842
-1810013869
2102925302
981290035
1559555133
-180493819
777416778
-1837998638
-2105178662
-4114800
-840973753
-1700743296
1404792861
960926143
-638197911
2028656313
-727226758
2000338942
1026223071
45786653
1152159131
-636831989
50051198
639251598
927611710
-756108393
-560033790
1489111606
-996139892
-1658837558
1533347383
972496738
1733364617
1884124706
-1563236041
1800774041
-1222428333
-1762544748
-533256955
-204836332
1985332941
1071189908
-908535945
