-1060212296
727593644
1937787622
-2009131745
897315651
563552945
-1547124265
-1484702464
-2111962094
-3185679
-1730317396
371053412
1811558710
1001885994
363015352
154003068
1353999564
845802131
431866590
-407413467
1139505375
1505033804
241906261
989805494
1190794757
-1326391247
1787796439
1157692356
178271486
-744217036
-838813736
1355152627
1176648148
1058303243
148901763
-272517085
4829562
1894211374
727202942
1424548271
1662415620
-1423766190
-1620989747
619507886
-1923360613
743330728
-1285224742
-1017226492
495659073
-1644088713
1254470441
1817753474
1190131412
1360232075
-1422666135
192671753
-379509206
1880262394
-483934405
-2145045494
1176634541
658273166
1865986098
1255279156
-525319301
1516607813
144240065
1163391313
957649097
-793129567
-127467680
395717104
195650100
2122647419
628226974
1013151651
1233051995
861790332
-142781281
-1379167195
282741185
-1705480556
907561898
-1381314537
940084048
858484532
549254133
1018970804
422466276
-906685411
-1027130173
1290425260
753424082
-765789168
1510331731
-1964687300
-2050077586
-1541282673
273459869
-1337255939
494195334
693817385
-499284578
-1254435626
-1810630506
781030742
-924409016
-1223213193
-169155841
-552606498
2100658537
-687319739
-81688515
1240860840
2112781353
959431706
190656268
1612652743
-1134602292
1986328619
1201572983
-618385577
1942513689
1843433043
-1819057087
158561913
1061503300
717969077
-1629461614
-442435321
-1554214882
1453431123
-791805526
1749571143
1399049635
-808491261
-1853964242
-1054571306
-1338888032
735211893
-439002802
566822268
1540432138
1090770218
2046115164
-1390909190
730560903
652065162
1316522088
1473233398
595269220
630184788
-1228730001
2035665163
209299723
1533047707
-1463844129
-1022580428
1476776086
1977133422
-1604996377
1733985108
-407080181
-281289507
462768393
-450691798
934471888
393326339
989610952
76263382
-578058664
1111274949
-991180580
-171430081
357622345
-1449270941
-1401028740
174513112
1403015318
974509154
2049687072
-776181604
868691312
-1850656720
921083297
-988110770
-1801364454
-138962172
843681377
-913315527
-360197692
-1415132190
-1003819762
-450268450
2058969238
-128764845
437361202
-252213859
-1388324734
549378522
-1251726996
2048078085
1279435869
-1342336364
265755816
-1500009320
-1320595375
-953594957
-105655174
-361831341
1791328732
161792367
851973298
-607936726
1377246587
528937882
1158422728
-766559168
572719467
-1693587511
739055303
-50959746
456938199
-523314689
1901953047
-1518306678
-1436442664
-1055860924
-1641661317
-868402703
-303997127
1910310355
-1372248989
325596047
517254961
-713337142
-634864496
-360059928
-900193699
1780786301
-1902041719
-863733454
-1500348964
-208452794
-209574177
-2065584475
-1252157001
-1206250627
817279965
-740130461
-2102360209
1773523485
-2089946850
101074949
1448608782
-2068887970
-912068810
1779760821
13565724
353395985
73505130
-666864919
63137671
-1833917808
-1197334779
1300636146
-323471956
-960246387
252382363
-368778760
-619765159
684289918
-2121860746
-1694938391
-1611859354
-1246814993
138742722
18384025
-1448353533
-2091733761
-1606510870
286397024
1272919549
215228607
-1699189365
-479164423
-626069533
-255787560
-1547026755
2109293942
-1961811631
1960661667
1481976818
502309207
-180903177
-334692070
1432988721
144426228
-1006052341
-1101173760
1647202813
1855666434
-2037512874
-1990504573
-934119459
1799107756
124088683
68549147
-134794273
931664778
-22646168
-111945877
-1362379624
-1024579645
-1417448117
-140049825
1943709323
962596705
570991328
-1203389753
1645395342
-700987951
-842442944
-163711003
1526461430
1236442609
-247298957
1379645156
463488680
236505458
-1315424454
1591684308
-127759319
1120044569
974583922
1972491283
2138606279
115033562
-1660038487
2029191589
-1533665352
1337037269
-1653338005
1979214799
-900434907
1761085930
-1694426653
-1445448973
623183757
-1812041327
1837954995
-698879692
202659211
-258867433
-881852166
-1772676484
1355489857
703967678
-979438142
-611273942
1401720449
325181113
1443122359
-1064466264
-1200474450
1300701761
-1539262018
-1769437699
-1210766998
284897797
752012659
-798569526
1658791689
-1263475941
1400488095
524197168
2088670856
1226298693
1469339139
1777928375
-1989323316
-223419451
276685811
-28770393
1066747044
-1190007704
1360894157
1395242290
-740942480
626280452
-934998305
1574613662
552136640
-1181338939
-1832789143
44972800
267815452
-24433407
-210612005
-1117251475
-632030597
-2051935748
1171474529
325049802
-446945369
1033758188
656104419
7634631
317846177
1678529824
2128006203
-1360561229
-1545099484
947618851
-1630705964
1928399117
-1888618233
1752559321
-603246643
185358139
1660167518
1199935910
2104284629
1151196776
-1463958788
-1756474589
-102938660
-432480737
-792441494
-1560289044
-2002425751
-62606667
-1201938678
-2096745521
2683463
-1835102023
-368662969
1713689148
1471981771
1031119664
-1592705448
1351321907
65875614
-1131992684
1072128025
1778118656
-779773690
170967882
-1016730099
1467224106
1282517235
-310236599
-1206513821
-1381427288
-745659373
2114049691
1292974258
-1495373532
-406051725
-1021042679
-1655824753
-1970950127
1899586251
9916639
1197734732
401349232
1616462613
577486138
-183932933
-317840119
-1395513384
-230033976
82039846
-1792067576
82840669
-239849990
-1719375197
-1221138726
324155824
-1680029624
-1538702498
-832771771
2056511302
100345267
71997807
-552054400
1857319055
-1298012930
1152600383
687157787
1466670756
515640509
-84485402
1399692320
-583481267
-971435263
9469768
2005416582
892001933
1950163262
-2105268464
-402784963
-15993922
526069723
-1306052939
-362624659
1986822482
1828631046
1610627469
590060693
1895972412
-603470094
-1321254124
658520101
-1123591120
238110229
-4237505
980656904
824830186
1429332874
391755301
-154538640
1294585059
-1422634031
-1467736837
82286709
-1664509255
-1394477517
691378370
-624273937
1442479667
-900416969
-1535417925
2009886892
-440156043
1848925810
1508271066
211795608
-1183132965
358026637
-2009576604
1174548751
-719050511
247101779
1385810689
1142621218
-1428860442
629880983
2058351727
1374613486
917352122
1664428059
-932933602
-882177966
-22355991
2136849631
1887266479
-485901345
-1438365762
-479415444
1229583216
450244532
1834952983
-426364872
-1817853329
369645446
1115562290
86952535
-1458631750
156914949
1834318880
-954020199
-114395016
919306555
27245128
708109056
-997553226
-2012204610
579877050
2127760545
900632593
-426154329
-1008501432
-1700047821
-828422245
-1151006349
-1071213681
-661233896
-656984264
62688989
-392906942
-60849240
-491380865
-1662922968
397639951
948075964
277717032
1782425041
-1786618039
-794358760
2050622074
-571413789
-782756183
722871516
-568532902
1908028178
495438026
993230413
1274019322
-510304653
2022514545
924292167
869695531
-730947095
1809351537
1305485632
11055017
190854545
962161080
1202717142
-869846057
1220349528
-2108767245
709923392
-1370783484
1264963793
1833361356
-870520848
-614488796
-961791576
978604226
1926082850
-475831907
-1615921515
1630963405
-733971279
1659326503
-2092020609
1579664431
240409190
1185059643
460110392
758994916
-1153140672
786820862
2134392927
102688952
-849794255
-1943987755
-968378057
1951110897
-1664660676
1068111805
-2056273470
-456960834
1938049536
1109828091
249507580
-1948648254
-2097919801
1260678818
-584435419
-1649628882
-826411890
-1186372057
1659161821
-346336428
1930248109
-2033848900
465877758
-429645349
-1516632484
-1155648258
2050103716
877453686
-1351039463
-1570042634
2048133624
385669382
215530173
113801172
1792806103
701218259
683987094
193129337
-838618629
-778731378
-1635372780
391034416
-1151921425
-727922464
1660490001
1530193726
-1224047852
1651438616
1885213592
1861195662
1417567449
-1238038454
902149393
-194562014
-674059204
-2121039227
-957980388
-482757707
-1083825345
1882678685
1884654407
-1479970578
-1507474514
623692036
-240222945
1664136012
183709252
1078975578
1049316802
652854652
-489709488
-1778014232
1085578151
829375593
1659488856
1999387707
1196325658
-1595240499
1503673269
1817104635
-74239377
-1149324444
1192102846
1138392893
398281970
831973994
-1237741351
1845497962
1716467722
-579383870
-242806116
561562152
-1115330343
1587861146
1226935292
-31157572
-884603618
1025744373
699651151
-522697619
-559486284
1068528214
-1075983971
2049763840
-1709515687
-697797023
60165445
-496150342
1182101007
-216712712
-1246819923
1372499750
-382748384
465250947
42475941
-1087883028
1505093058
133553026
248202636
-1506973458
-34158490
756970609
-882419267
324784204
-1566034667
188429002
-361717962
-1202120983
1462457225
-966229493
-1831524167
1200246356
823889206
-216074024
-1790599374
-853451894
1650228573
1808445857
-578823117
773729479
1699744283
692425855
-1481132197
340535031
1764647535
-1000909175
912887338
-926697857
-651141214
-1048460324
1888033826
-393612751
379952778
901626211
1359274678
1924190327
215269415
-1566389026
-1251975426
-1942665409
322104690
-241107699
661202622
621586467
-1055519458
-996853168
2037843583
-771600956
1809366349
-1220090450
-138562409
-1831652212
-1197951313
1315853093
879091080
-566070387
-446549966
-797713930
2026769338
-1476509688
1225640673
-640535660
179664923
-469787301
-539491745
428667718
448671443
-258586917
-747693902
-836723038
1493862066
-701348903
-737602688
516707685
1389274406
301115109
1879542516
1513965927
-633703656
1712410729
-446973503
342378610
557784269
538519385
-338813778
-450088249
-566072610
398889588
1538708039
-1772245713
-188292908
2010235587
1160427602
1922750844
-611205997
166003229
-273330203
267340662
-1901908394
-1389463206
-1012473963
758689119
1248887978
487172899
-2069603537
798873346
469652551
-882290729
2010405991
-1587259138
432509415
-559039032
-1790901775
1127820223
-451394189
-2124320394
-1500711771
101558160
1013355153
-1740765490
429985137
994100803
-606448577
-159926863
-1110684111
-2059229050
-299251178
-765921656
882771474
346002660
1390643114
1044439304
2110475818
1439669606
181893525
2090111974
-1117161682
1559658653
39915613
-491899289
-2005821994
1424236693
846918618
-618995872
1699275320
-83502932
1470519234
-74183615
95775686
1512799811
2130274999
1699719261
1485071373
-945514853
-1008066092
309856337
923393973
-1565815767
1965301867
1093022144
1690271644
-781205419
2028710808
-1007845453
1505557290
2070993145
367120599
1360966136
-765916521
-27868692
-1887484332
-1648646953
-1607128862
-1771450942
-659959835
1401683832
-1797528539
140085450
-1744489053
-1643745093
910029930
-1301719244
879236655
-2133496722
-1958846739
-167603739
-854833262
434533096
-1322905469
750194545
-681554814
1115773169
-329021484
817417541
-1297621936
-876125613
923448876
256265146
-265747195
-2026447351
-914654919
1710659168
2014685187
1051565870
1853982661
873180580
384194847
6239015
1047864140
-1798725603
-1721349230
827198553
-2050365807
-1561244368
-488573416
1346933907
-519404013
-486873689
-1627203593
776867218
-1041430061
-1256642906
-2120892962
-1282238945
1995666493
-680436934
-352734300
846180066
1007777537
-147177560
1210305833
1969618201
-84264566
-2061673858
811392718
-1773592401
193358995
1734020162
-857126467
-132701909
1571976633
-1008391737
-194271132
-1233043367
-94106939
1318548666
-1357379418
-1397265838
-657823588
1019644598
1367512566
1336205505
1905837958
-1405948298
33303404
-925608695
-1199217315
1928206604
236526743
529809710
-811075110
-70356506
990641634
111637299
-850334462
1009523501
-1594074327
1964030298
-142210293
1706562989
-1089209159
-534672847
-9565980
-1368425015
715875900
709905322
-1624537446
-1451658171
1535757703
-1567076376
900434564
-1216549616
1227991522
-1160515072
-83110895
825133161
-719003482
-1742295334
1396198600
-742402334
1478373804
-473939586
1817614334
1527940460
551983486
1359500477
2136462064
680366304
634309138
-1674387768
1492049279
-354597679
380157386
-763354416
1055032912
1663823614
-1607555353
-48384419
462225906
-1012615196
-317240673
-1946652391
1771687679
890884608
443966829
-305475361
1931357658
-1413725262
-376046496
2076701336
20559521
-133794005
-977169424
-1012464222
-427449831
-1494197541
-1698014008
247093193
1003656732
-1149382569
-1071185025
362781585
-1639800735
1935348378
-1267263748
-948055829
-355366256
-807756109
-382365558
1915819865
-757494037
1327736416
395126656
1246223281
1367566712
-1210975148
-1706442967
-1076908963
1108549991
-34867754
-522411965
-813706365
1289762998
-858029407
-1151256949
300243707
1709040736
629422137
-77319747
-1218652265
-218027836
1687297211
694842522
751271735
1518472881
-2028618306
-327189098
-391878385
99180633
1252300365
-1495951534
-1377127268
993382570
-1912297581
938754814
1003680222
1679181583
935573728
-1994242224
-1743560134
29138173
1002871512
1579841231
-700933138
-437061129
-231520741
1942691526
-1862281055
467811216
445912891
1350231335
-123961040
482801560
1411638338
780352488
-126395755
142877536
-1132195923
1557203030
-307918106
-1694799386
-717714205
-386078220
1737568436
-532595669
47739400
1958594042
-69882587
879640981
797031026
-858836702
1729427174
-1426078994
871586587
-131566621
1631842646
752993421
1634877760
520560320
2090351466
-1388940224
-13600948
-1395751881
-941583607
-1551149622
1921107773
1488668777
250159884
-1283711454
889751787
-1649395985
-1077974914
-518170487
1491007009
-1065966909
1526484291
1058756043
-1588799079
1997360357
1803831415
-580233986
-1118938066
-438702169
1217556177
764882964
32239249
-441155458
-1608539153
-1356765319
673072162
-742853613
1407274665
-1026329954
-727681031
-218228628
-2033190153
-2080827954
-1146374546
706273622
744593133
1094062823
-724831605
-1767236215
-2072171555
-2131441381
1826666203
2027554618
-526525265
711197053
1191695213
-444026798
1749309446
946631364
998602671
-1920082255
962762770
1962379720
1920199215
1993357311
-1224406807
-117384179
-1279656246
966092875
-1133563399
268026519
-2125008883
-871253051
1593608571
2068255097
-200345125
1093783754
874201821
-1092448781
1821324227
114531923
-463242693
669806788
-1536693005
-553593192
-740473445
2001077470
1269162097
-1539079002
1632027956
-1818869395
-2019473120
1097583039
1727111924
-1289485872
-775979636
1017983496
-2118793426
533237069
-167305075
-78387551
-1170008125
-1413071358
1450621185
1088023006
-479361795
588825215
-141562909
-881298922
-631205078
1322703002
-1012767315
1392241114
1975060939
1225949092
-1653468987
-1605872293
1578010480
502380364
-1942842232
-1583597954
-490088359
-1508842271
1193544950
-392215252
-1968896652
-405995495
712951031
-236487919
-479500031
6944141
833944193
2075403298
-1846670531
324729352
1399554959
925603308
-1528265620
-982307694
-520703888
-96887593
-1773956999
-859477362
-1839748244
-481332205
1370248083
1656097804
-1829257926
-945193753
1153241508
-342304722
86652204
3159380
960743006
853385159
1655269096
473931132
-1588252812
-431364208
738721595
1531786736
-426179642
-1828571257
974748526
1089587114
1152108532
-1596088312
194806781
-1028838406
-2110000010
2087256087
1921685063
-1502191875
-1655615318
679063026
1882450143
-1341386905
-1171704986
51429771
1929764822
-393825460
1107369043
-11343712
846475137
-394033270
1366163460
985622336
-1743874279
97682264
2127589973
1124747804
298319752
1001333097
697491021
-112273400
1210410232
70709199
1717131672
1813375168
-1871994617
-1176204996
1494798053
1492628213
1161930165
603274190
735367825
2037785782
1360843823
1750514904
1763549529
-30965948
-1360449059
937441550
-1336239679
206359494
-339820546
-258800944
-598367184
579794034
935079679
681276646
-46563436
1894006158
1971290740
-1333902634
-5860308
11352516
-1921014360
1674184146
170352358
-1119808618
980397846
-946249207
2035087779
1882621956
-1497516306
-536807670
-751714251
1529002863
-1965054536
-1967940779
1447061231
-1608543088
292944369
836798776
-1616494708
1227870869
1182892099
1426752543
-1780569803
306054798
-401094534
-207342495
1945945394
879891321
1208737441
875567605
-657648135
-1016538807
679221801
-913187905
1355424568
-542519188
1784314758
1349339384
-1840509382
709000905
-1821407149
-501638816
-1065264930
-705816433
528096998
-505146844
1980926573
-921255047
-345744085
203287387
479926001
1378862754
1664621781
124008884
-2099135040
-843930731
155878882
1007735341
-1112935261
-1418203052
-1370943328
-518379655
-216439259
780672358
1559747752
585905089
-945531263
2098397861
36024238
-1838032858
1978802395
-1112858595
204715688
890610496
-1208340712
-1103383551
882501135
-1574034442
-364853845
-1085765419
-1166948864
1574260872
120930217
-575734683
1974160442
65206200
1384890493
-890334190
-1868816045
1732361436
1259308148
-2065786325
1631320229
229904579
936657539
643102776
1386167699
-634090444
-1435608096
1707099066
491544852
-1021141378
-485124866
-947342095
1243292773
-743777158
-540135098
-1664960645
-1919731393
2015519430
1226371816
1661684531
-223911800
-806803927
-738473889
1543101040
-1372460409
-394095459
-895552244
-1441984470
1845823617
-975413456
-357345354
-1214266619
-1893304978
1301233696
110783097
-2036523870
1885046808
795513253
-6250804
1690269213
414804853
337009158
-573453947
-1811549918
2079853441
-519979243
1609595143
496900120
978702573
221219907
1954835740
449948782
743782687
1098096528
-882240624
885586153
86093930
-721397510
1465262486
1632721436
-1764043792
-411989001
-311693960
595735381
1751151303
-1540358839
493558688
1424146698
-816905877
92739923
-1552239126
-592021564
1941504297
-722953452
726483152
276089310
1245844578
-1108427303
1257825348
-2075528349
1164334365
-1675899598
-965164731
-1535654759
120894242
1705672481
-642661612
-2131417118
-1930646105
1396794424
1087141806
-1205487129
1199430107
-2108706732
439164343
-1367494940
1743766088
-315368027
1582079029
500690705
-1831077825
2066698747
1655713219
-2060416842
-303860468
977800764
-953526914
1643091638
633170534
626486406
1192230587
1129868545
1970720373
1033812039
-1317545630
-973972785
-635143085
-868307106
-1507708248
1426510750
-1950500470
418770698
-142168029
1267826821
-13764820
-1029517769
-1285273826
1099970406
1853401302
231384207
-1612613189
1332877042
638016971
-603572557
84811902
-1389585849
859675795
-1801724246
1825023939
-595236792
416757831
-1694856344
-2040420736
1867805568
-767463101
2067592447
791584371
-1599640489
1411189676
1414733375
-487987526
-1073332063
-1166550190
1099393710
-251078333
1182068837
292957996
1932077283
-1575188593
-701703003
1234895047
1554321066
2136785321
936475147
613231895
-1304413737
1463214708
-899811786
-1324669318
1137869635
-1372690299
794156148
1350827556
-1090751000
597077532
461329973
-2020205610
1650583503
884848037
344519837
-854319423
-1803641191
-1535953038
2086316005
8868082
1920436447
11847570
1026178388
39630620
-733361044
1397448899
-802001496
-1764457339
-2124086449
290442444
-1198616915
-1461076511
1268745143
2035770111
1998919480
88375155
937264584
1757706161
304620426
489789659
793873284
2131851464
-1071215690
1307985946
-1883112841
-1211404331
-1975965631
-2000794632
986149751
-1812662648
1840623447
-1069956977
1691950254
-667967054
-2090205584
1274685601
-266611194
-278957585
-1524905213
451605716
-1093617920
1334987595
-24734099
924064965
89070917
1889763003
-1246011550
-1574115090
-342081309
1234887697
-456726994
-1438858934
2117529471
-808324236
995110844
-1496047674
281515314
143336416
-2130716642
-891821378
-1503483712
2037825730
779342148
728742248
1194620935
230632195
2075334952
-839184455
1830540961
-830341401
1836583909
-1656435557
727308663
-78678602
-540706730
1287750046
2124726687
284520165
1909683168
387648075
280764273
1787589252
-988129912
1442995357
-1769641676
1701806577
-986156124
-1147688761
151054548
1159214346
1593292793
134780601
666534262
1937365063
-1707384935
-253280629
-1730167783
-1391100199
1881700852
1874444250
-1031201605
-1117735297
-91084660
1718965303
-1456402773
199807640
14963855
-187082577
1520190204
-85996644
1779057506
1532182660
2142556185
-1969654999
-1101060319
-1992427117
1640100057
749503694
1590917166
-1874436879
-1113188711
-1292696294
-271563237
-399718906
500721982
1358820031
-883472387
1898703917
-461956325
1246710946
-1540699335
1866314517
-74117670
-2039269808
1151943641
1278900027
1347882195
662610973
345288126
-498860614
10133420
1041449011
-737809402
-1358672785
-1180914655
-344764617
-1144544063
-1657231279
1665953190
-252693203
-2058030036
-681340535
840987899
489453259
307921708
-1213010542
-703108932
1608794255
1342169707
-132933213
621021987
-1242991877
351473243
-632993421
-2045022905
-1460079406
1685855033
1281303449
-656162551
1432604185
-1667971446
1390693051
650764938
2068958353
-795466427
1224472933
184338673
381403
-752616981
-69639895
496375325
-600317533
-548209441
1969444074
-344884652
369070960
786913016
1191210144
1639530696
-491397993
210985077
-1637009377
1018891916
404743681
-1957261252
1701504346
-2127571982
-614051879
200985993
-1272567838
626025882
-1428485511
864796320
-1010409229
1008768120
177755861
777373363
-250636199
-2061909784
-1708209867
-1365177104
1078251052
1305940443
-984405214
-1956287694
1058968848
-349128961
115387086
-1981268915
3848351
750994286
-1995657975
284593915
-410992173
1572493791
-1558678045
1625460784
-799682440
695712464
1635668947
-1265976566
-657930405
-866691267
442904780
304583530
141073628
-1217315484
1805585593
-1487800511
165806810
-1369050080
-76075533
1214154020
-22332876
-575659435
-1300228454
1743998124
-2065569375
2114688025
1080836559
1754802300
796179688
-32848211
-1541724311
-1905390375
-755291582
-2056209313
891892260
2141598557
1446575934
618973054
240782492
1279553469
-698615979
1735131818
1060160919
-1051413683
-1335840411
-1811870951
1154773275
1765281847
866465834
-1090183917
-1953311655
163604088
-1277487248
-1589098218
-30566356
1375825463
-769762160
1963512525
-1641400148
776032522
-1922893998
262402143
754090829
-257501070
1553641851
-1846634104
-1897697364
-574450147
379116139
-448561820
132756793
-40594771
-1487810235
-1088314444
383419447
-57246870
-1549798438
-285096349
-630276369
2080695438
-936848562
137440659
-993638644
908315242
-1976514322
1176433282
-336331450
-475844616
-1150234280
327811924
-1261101029
-516692717
