-169919136
1117764481
1345292686
-1504121627
-1705542251
-130920728
-1103941800
-1948043859
-1756022219
-1170545975
802825396
-1096751948
-256842559
-1542763867
369895023
1106675263
-660032345
153381995
1012355814
-43241199
664597521
-1672503399
724062589
-1754523191
1716550023
-787890275
1714298274
1328411738
1619344109
-26541819
985219999
-1709203201
2118339757
1623709425
-43458036
-236705793
1551246906
-1909353264
-332602698
448834096
724990843
939977725
-1644120367
-1919672030
-1050879820
760492011
-757418586
64767882
-1753005680
-1590362513
-1794746186
197517618
770034591
260127636
-1586135810
-1594945446
346735086
723503844
-429646464
856997868
1707373910
541242532
1139720838
1683776587
375810246
-658544874
1095143637
1191076759
-147467736
-545118334
225655667
1966187871
-1071725930
-1896218336
514296120
292013708
-198654796
2073665373
1079870100
-1547048560
827804697
717563444
861982316
-362026958
791889561
1796282316
-1224815600
1420433226
328856625
-641118002
-2073684539
1915690557
1530177880
1341663832
1442573857
-296372527
-691925368
-1137789425
77992852
1103043968
1002677607
-189107825
-1434412989
563692634
-1534539444
-1942369938
933346366
507542199
-1678573384
1703828515
-1577387149
1604805207
1768025326
-1023235186
-1951674328
-152608213
705931429
-43295612
285233339
-210328621
-1959966695
-1558561368
-481711442
84346619
992360530
939273110
1647463196
347270473
1909440432
1562434751
-1683505512
880451072
1161436762
-997803052
1292927512
-92876409
-366177751
-906544142
-1922867165
568416289
-1611653625
488833686
-2001415298
1498604439
468298969
-1231579518
1861710602
-639285940
1846637383
-992873008
-1948714841
1117826997
-233711259
666490985
-1508423800
-51027649
-1935394829
-723203233
589193205
823363303
-812366015
444127212
-712025093
2027730618
-770307858
-337227254
1159056665
-1003551948
1822149170
-1645753506
-1146130797
158173281
1057749858
717505171
-1054589203
-1000205920
1536785360
-1352734845
79566006
-2078478894
-446883390
-1517986196
1198361809
2058362701
991746075
1910031660
237858442
-495247459
-2137458712
-1961826930
1943345211
-720112764
481795500
895539681
1160497813
750894408
-1202876889
1251197160
1932471970
1924502751
1167804712
-909592470
1268288269
-2025389909
1674892448
-1018219645
-569243928
965472736
-1195539908
1568275891
547468535
-1053793588
1599240778
261159040
-1417911729
1892739257
1292786707
-1055247405
-63497860
-833672871
41499434
-1349675382
-1563484576
-24493236
498747381
-1570924248
-1458837406
824383196
-842825885
1688234607
-849407545
300434388
727962055
-753198097
-1334954135
1650184253
637991586
914025409
-724689668
2042680437
1979387659
-1852776120
-2054420831
-297401858
1563238991
-724791203
2142703039
-1156301397
348846516
73843038
26030182
2056899858
388900398
562162645
-1474161585
336147688
394338777
731933857
204036291
9929111
97785674
2072718147
-683548331
547974604
-1332109565
1710480037
24441926
677091507
2090645465
1154240704
-369064530
1523836373
-993935553
-403866879
601543429
291104644
120216341
624552638
-164560902
840736047
867642049
648604524
867480364
-340158288
896528
718641879
-477327132
-405481935
1979259617
-422739314
-1668545251
929089060
318645792
-1311777230
-2084373991
408711263
579867273
-1175330505
-833011838
545389544
-1160231957
-1643730997
-247907128
-792595002
390384247
-1372506215
1192534958
-723848248
1179638655
-67167496
-546770862
232890120
810875527
1630548361
-1793215109
619462554
-114471564
1997103184
-1157518067
2042620897
2099461506
-1823745030
-1041052237
2069444174
1099535786
106980256
650715247
-603543531
1582067001
1315347595
187579284
154569986
1423155393
-492740420
1453781736
1728337355
-2109227478
-595913467
-1768842462
-1035203987
-2091411272
-1676094735
-89575121
-1964278800
1164321618
-1909717345
-264809382
1233394235
730964000
-310013441
1151839566
799516025
443000876
-636416259
-577370256
-1362742186
-730356269
622919855
-1717959590
1865919623
-1841617914
-398465783
-1985025264
-666701060
2047606096
1027403020
-598707953
-2008922128
1369826114
71708299
-1656192283
-1902446990
-1482444996
-1105303172
-1591385169
1795269636
1078078732
1676057441
-1351934540
-2104482252
1539660424
-238933911
-248331703
-78868560
659457731
-1493156274
82140902
680537692
1738781117
538187163
1839736924
1561185097
-234515739
1205100338
-735302301
-78714823
179797947
-1283953306
1686974462
1306355137
-776416113
1348080872
-1935618926
-859210942
474531205
32719309
-77148778
601921319
1938964835
693086036
-2000642092
490166348
892869336
116322333
1284093907
-578722532
-931601204
1157932927
-1286200187
2138450459
-1800908293
1432158226
204959609
1916326974
1386926733
823994883
-954982925
-849332244
-313352309
-337191746
-1480316380
-1498098151
-29151582
1394131996
750689971
1176775516
-1949547511
1137347345
725300654
1214322378
-1049077593
-888397683
493817800
-1292246155
-1669012169
-1716506050
1538053593
-521073584
1186651866
1570089959
37434029
890446051
750098279
-1032889289
1902240796
765835736
-1943876532
-1261952275
-1644796550
143166013
-1710695623
1533634916
1753807119
1191788156
1201513637
-2116717337
-598575824
-1366526559
-77947967
1466610680
-1444749629
89316995
-867718362
-659942768
-1323764398
570109054
-925481625
872593308
1679219023
161154935
631597339
-1949397000
-524954860
-2103614503
-1788928582
-1522822282
2093128865
-728736609
-664563568
-1433557325
120622371
-1629944594
-406313344
267951497
2087537012
-1626903230
225559873
-1296625426
-355499337
295967554
1651056572
-1338813408
1877119579
301546864
-1409015925
1997081417
-1344149743
-1713249658
270870573
-1080063313
-1961064492
782813226
2115673139
649260694
1896715811
827714315
1844226864
851519827
594324094
-218073498
338789588
-961695889
2076444987
-41818990
-1937273246
-523020494
-352898155
-493448924
-1131940839
1207646118
409037931
-1809769850
1104450613
-1860117575
-1303457250
-2046617807
-1073816890
476106022
1472514732
1772573238
-911846784
1342581984
-760358700
-1947358728
-1311494744
-401269243
-1714751129
1331780853
174691614
-632741299
373052489
152611144
-1618648906
-1620977914
1303546755
-1540099931
904461052
-1358282009
-550594438
-1644356883
-1010800842
-310715100
-190957361
42364149
362201327
745299974
-1761890668
-95106222
-138562083
915958861
344796441
-2067396369
-455504658
994808833
-1006040115
-525241932
-1520987832
-805173298
-33612365
-2111969697
371846683
-1161605924
-2106968982
-1074378983
-15087664
1353909632
520157947
1702545960
1328392877
-1898299824
1771886655
-2007250691
-1916180452
-1790025997
-648949613
-1438320004
942414910
211535780
262481062
296043805
678141078
-557595405
1738471622
1084772259
-750010009
2077554392
1464997331
1575727287
-1667703988
-687707453
83786301
-716135170
-1970272594
941914475
-1837500030
223064711
-1771542562
-848586204
1141578538
-565993293
-519357017
-2006203080
-38488755
-655590931
-941819982
-1896880275
-71871828
2126941186
-349422201
-1279384215
1752950730
-1926292883
426709582
-1885720822
399505856
-1210625636
712518794
677899527
-2008539516
-1637554952
-906850018
536830338
2147215818
1165080779
-1057435824
497134356
630228491
1062255504
-418881726
-2000335359
-1844342363
1777640958
57295986
1797968579
-1224000438
-976369502
-909572245
-1112442761
1275256733
-1418259187
-1080118631
-830475965
2125283081
1257336190
-1137183178
814127469
2017821985
-58745947
-1619911254
1519058939
-848626714
1269056523
-1688056285
1893014242
1913419044
-1735798983
-1481254809
-2038039146
-584419611
318906165
-1098368408
1391159986
1536880067
-1670496674
467845996
-1010121694
1958353860
5884612
191156997
-169877965
2141069547
-1124757690
-1607450365
586059894
-907751587
452025340
338367511
109221116
1660978037
232245767
-1649439381
-2055864354
-982868021
-1986260971
1235229178
-258630881
1260447199
358190120
-96293170
1700738674
1913956217
2146751863
-821413884
-576213901
-682866199
847726370
1891429703
1244955243
1553006212
1052694852
-570783154
1230479230
1460922704
2110243729
413125740
-479132094
-210352516
-1731966425
1508633313
414052724
-1018522245
-993780606
687627632
-1417827259
-510989636
1287304636
-1617951298
1914963703
1273297848
-446600170
1132334772
1426919082
-791428085
2089808493
-612443558
455513049
-611634095
-1638804389
96037484
-1757730951
764128201
1713867544
-1948986718
-588775576
710088373
-367516898
1095927223
410299802
1290911793
-1928229526
455833532
37992440
958958716
-470427169
-1605160298
728012975
-1729382447
1007724788
-365463920
1636728541
1713352600
-144363358
1907146785
614567967
1416352626
680666114
-172191448
1293555953
1269376954
-416053947
1293392797
-465751095
-305380127
-256211320
-1943758818
-857746068
1671015956
-1909962905
-1619294049
85154790
-41281214
34107146
1607672750
1878984318
-901446852
-193345187
2101913355
1866171109
-1770706209
1069189704
820810492
418335820
1427974308
974530023
732547707
885307506
-996870065
550970516
-729333086
-716203837
240783578
1946814006
-1000645937
1100407786
962212739
350929460
-952309774
-1631426480
1939427570
1381561648
23689460
43502877
1404131061
-1702561273
1972190138
-551647135
756846178
2120094610
-1020848513
-1451733908
-36887832
1641938372
1585608417
-1714678227
-435437212
263287555
661068867
608626457
742513606
598306928
1219356864
-1554780482
-553660155
741604136
-1728894285
-745288505
506433906
-1352502989
-1510603294
-531668340
810112114
1641365476
2019061591
428709326
890774251
1468404656
-1769226473
1194007409
-1391165800
-471232489
-1958526620
-768705936
-454415475
386919800
-556225953
2002737532
937731063
-2072448040
-705813454
1008254029
380722589
-1405733114
-2034363995
-1710299308
-1351658949
-511916215
793921600
145953069
-358568100
-1616657381
-625058980
458711093
-717138777
-2031150836
-1484682611
-1140987205
-1158254211
-1869959205
-1195662147
711403783
1393333478
-849883498
2076359786
1153352861
-1961919821
-1623306999
396955248
1444381198
-2041505702
-116151883
-1792423322
1047741002
1209219542
774781090
2000534843
1529432949
-58380869
172895444
-1295373648
-2077375953
43967989
-1293899699
818890903
714707945
1618856802
1768663083
1856480229
8122127
-1160448265
-1755450903
398170457
49549364
-353907565
-278678976
-114077166
92521338
-1771796509
551368011
-516976524
254725560
-1770908050
-1579641493
2030138883
1422261711
1533454729
-324159190
79339097
1040789169
745655830
2136069725
1514002860
-122092014
-443451552
1251201025
-2091678725
147901850
2079299960
777514608
1755594028
2082050580
224789237
-644175977
1608703491
-222927630
-2096469042
1443795256
-206476348
-1457382508
334571466
721025810
-1499717310
-1125543845
1954054010
-1290976261
391218190
1955072678
-407759609
-1834845502
-423814641
-1332978499
2033515555
-180657646
-1668588370
1616483427
-1382051573
1124557261
-1373742640
-1220486962
-1879998926
1083190221
987872557
-790422703
-1989424792
-1151603142
-730164610
2144918131
1912462508
2017772397
-1855257479
31036679
-258992590
1157736804
-203877121
1406445821
598273404
1518875638
-761365063
98536066
-274903398
-1067822923
-622615758
727975340
687457612
-1694104575
1913305458
2022376102
1656572448
603583033
2080896213
2066339382
1910845300
-2083122004
-1220221048
-1690274727
-26820098
-1034395054
1223506270
826556335
-391052965
-1758176609
2094470505
-228622052
-1459289843
-519102761
2052855876
-1171562059
1870835542
918679003
-210623305
2006438345
-1523349176
-956235232
321435953
-1945046260
-1612786209
-313737747
1013332409
-715566082
-1190560673
656950917
505111670
2065404375
-258147177
-1897674176
2085136678
-1396349309
2111783912
-470093925
17311196
1499672460
465599185
912690720
-1023049172
-1323867510
537504141
-2100005019
-248066671
-612665867
1345952636
-1033085429
98472405
433054378
1682712796
-263604842
1823976742
1492414704
-1515092756
-334270075
-307347961
-1243983366
1515815418
1635902510
-1390919294
-1148310886
1646783400
1102956981
-1735456466
472079993
1977464875
-932137336
-1781359829
518922298
-478449090
1802996181
561741890
-1400619105
1673263761
122883193
-1645068988
-2127460521
-1448423661
16366930
-50970745
401018707
1701379108
764075786
1698841265
1575202995
-1975668518
552891198
1651693398
-1096706593
249982285
-283094058
1901624047
102679486
1595219404
-2089431615
-571743118
1239581925
-1015322619
1670195525
-1338819801
-1301204721
1783800816
2068264168
1603640225
970190542
-844599294
2111360982
2014573747
782061269
-1758926750
-1514001604
-1598001883
2097818224
-915682847
-1739044296
-2055880798
-1867838410
-1310963441
303361465
514278270
318737431
1196198184
1748243385
834167850
-1578209344
1679219934
70234835
-569016456
-272934936
-1498258371
-1865089103
-1588831795
813329279
-962186621
1275039508
-383149522
1698413264
-75449690
1714183041
1312880645
1522663563
113927130
2120735518
2068991563
-956201473
-2021108624
-1639826506
-2026965410
962388297
932113883
570518090
-1679296473
702309497
-1801901855
1767298701
-282615186
2053412663
1476910850
-33045536
-834857835
-47414381
-1038412212
92467960
327702523
-119068992
1869122205
-885692013
-157869500
-1179560787
423450059
-336907930
-573760790
1816916086
-1624972675
529764570
641917427
1588853830
1844869715
645192122
-22889303
2001851842
-1702816258
-1971633672
1608191481
-389734203
336261968
1109558319
-1971257362
-2063514600
-557614977
469430211
-1085712664
1770869686
2126088694
1098321503
-1778667947
1668102639
-1416563772
1514383968
-1418216058
-2052073221
1857907436
-775833310
-1144221184
-2070778702
34709957
351869864
103588574
2069511519
2112326581
-1715209560
-274476334
858202035
-758153441
-145276535
-1550030101
1359703459
-1191997443
1359125649
1234992420
1917805186
-193647616
-301148268
-1720254640
-569982576
672630450
456188180
-1767063957
-922928971
792750347
732194703
-317413312
-1977908815
-901405573
-1800792103
1040344951
2053563756
409135314
-448393724
-71732018
-263243203
-788747992
2088161566
-766912375
2058188113
260943315
847733642
-2049525826
1906416130
-554392585
1649720608
-1662469905
634143898
-165982654
635468338
1158065870
653974374
-580713591
1397945369
2094048479
-854066986
-315833226
-769029642
157425598
337757355
-1905499482
436650268
172623885
-1654758689
731844511
1199670922
-2069327474
-987455813
-1759805966
-648449046
331959882
221377111
-1368008561
1157501873
517899658
-1523554020
219648077
790537027
316487189
-405805643
2088773714
-1016876414
1846483048
171593840
1319154585
1541229923
1905876900
2126653459
843479715
-1746934005
-1900974203
220453525
1154796495
865761038
-2038840284
-17331342
1912600609
-671111787
701483628
1995086728
1670277395
-1717613462
-1774446997
-1490994939
1079554390
570635894
928267493
-18159311
-1903112218
957735318
-1859728131
707867351
-1690045769
69981615
1521486308
-1136222192
-1207391770
-1982886727
1657470374
-427079651
-1746817714
1620680363
-1481316657
1635231983
-359064380
-380722587
-796990766
-1826276864
-237190700
1350953349
-676037709
125156028
-907756450
1094850234
5169128
-117857294
1669601561
257787957
-1993101651
-551458808
-613926738
891019631
1561064913
147611028
-1897869327
594642225
1756942031
733269731
753038162
-510281397
1237778479
-1414043220
-443466509
695349295
-582029996
645132611
414307241
-34401757
-700693960
-1496910826
431990027
-1384830699
-1096428347
1492247901
-1732303924
-2006829568
-203341629
601822519
310317625
1946751548
-815271386
1639746776
-1786925457
912958211
-1718596002
-637222232
-457094039
1572645112
-1380829485
847258609
-77481351
1325714345
-1259651099
-1924822720
-1942659979
-1129228273
806043239
-597328575
-1981871159
-526457690
-703315396
-875082482
-404189589
-112233373
-1425113956
741297858
1219789336
-550867559
958826492
-1069949927
2063831310
-1877769713
2040500056
-1403024523
1144967571
1581929534
-479771282
-480260932
-980360135
883867104
-78336715
346907689
-2073058601
1160305795
1949360712
1655941654
-231306539
954159110
-613284853
-1591563411
1004631360
-274370717
1439540499
-847890982
265456880
-1750766292
-473485451
222397015
-1359760940
-1436699717
-811794094
848331949
-1581087995
-804718578
-829883974
460819442
1110166910
884095424
-1922465908
-2116612485
-1604930085
-1339367465
340144231
-49014410
-449133324
2018692723
770955102
522710520
-1176040935
-155579888
327293861
1119598921
1337932719
-821782834
108777167
1716494279
-199072711
-2113897424
-1410226158
-1513579946
-449126880
585386845
1394330624
497183444
-1353618419
-662963398
-2046608679
68989954
1949345933
-69933025
-639230497
-1962831059
203080022
-1247261164
-1328269230
-31023927
103551407
-30536860
2041672649
1445827637
898543410
-768279779
1197494784
430417585
2031737339
-1660887609
-1723647180
-46734908
1122726010
1351112442
415282767
1423070318
783833290
1382297981
-1345759316
1100886251
1753135617
387312651
-1534869967
-1302914614
1325816561
-1994529764
-1172860478
754672878
-138272207
1834901823
-1048960170
759535841
535937831
-1504880131
-1679740352
881569483
334789863
753785748
2069179023
-1746021050
-1223224634
535342694
-942975423
1400809689
218645336
1171663707
518060669
-84243017
-2049959652
397544188
-447104025
-787960244
-215425415
-271875911
-506979358
-1893328980
-123065679
-382236188
-830588262
-852182823
-310620310
696304222
-1246162875
805579658
19536569
1312334273
-108095637
-606677206
-1910429355
1811949939
1836023770
-1439919989
-254164407
-1012004046
-1198699781
-978793372
1367430122
519667727
1211784692
2049561674
1929280674
-1611774877
-1268092841
-1217710560
887070654
-487131543
1101108549
821519130
230939582
-219392209
-932290435
-968253595
-1961001309
2088513776
1298885487
-1843344026
648977419
-276468599
1147935721
-1676859864
-356973596
-860003897
1087808205
1981206324
-1129805181
-808684820
983310215
-928806298
638934273
1283674923
2040941040
1895335310
-328322773
1845542647
-1970022516
-1486965450
1431666877
-501576277
-1640728717
-275579545
343918662
896726804
-519273566
-1898267450
870003963
1421613727
-633244187
-1800940084
-1480556818
639256523
-1416096045
-1665253342
1182331737
-565824752
-310943823
1506513426
501619137
1436899160
1071266860
53488267
977276383
-1818365741
438238729
-1042587062
1289792661
-1086235283
1925058178
1953299619
-830206919
754002190
278305744
206434663
-1494992504
-238244987
-419350977
-2023612241
1917242603
-1117172334
994931638
-829483582
-1920302781
2080605652
-1148112959
469487770
-69132951
1333820961
381863890
364296802
1615441163
-1967208855
197489477
-1730235380
681411276
50211503
-1970594148
1773790335
960190442
-2114413761
183568319
-349121449
633042845
195474958
-231960963
1118861762
-821332949
620698601
70359001
-1621487870
415061931
1069478446
1913759874
952344578
-355910797
-140900616
898078661
-626435454
119201042
477532150
-1240572141
1710486858
906078868
-177461794
350984369
1752670216
-52869197
-1706332881
1323448408
78002851
69381463
-1386372573
79450643
1176990605
675598019
175418694
2102930364
-1582826434
923200859
104014313
872163896
-129605338
-306179869
1977147806
195778890
-1400325713
-1173480214
-554711591
-693888021
-671934516
-1936981532
-571449759
187752551
-83564630
1460138614
-1856624011
348931768
-939976958
-586896576
2065812811
815506273
-1573578410
-408292535
-206208984
615376822
-893912922
105601590
452933612
-1220988792
1572654324
-1143198359
1493623574
1022999812
-284301666
-475217480
-1375573948
1549893598
196506236
1167313693
-841487484
1175945746
1143499161
1902659886
189654816
-587279663
1509728772
-318458702
882031056
1031852959
363937909
1359796247
-1996027034
1435396503
-112026677
-1039711211
-271727454
1256674632
2049036406
-571004655
-1471370948
-1737686668
1242776848
-1695936554
1188771273
-886228889
1112028054
1041682578
276969941
-1482194414
-905768554
2026524610
-1770979403
1271595635
677071689
717734217
1686521842
1261585742
414668719
244970718
-1275654090
-2030305051
2058177676
1598283215
-1006744398
-775275674
525016497
861037339
-1700862360
131760269
-2061894264
-522733129
132695638
1063688992
-1341720389
534847204
831650692
-878765143
819271046
-1300679689
1103341840
-760658406
715658296
1787414638
-2074416849
2020414765
-13715579
1940804269
-1354522669
229037694
1916924861
-505932350
-669555220
-1443251136
-752959618
-133680110
-1682209050
-1228616768
783265851
-1919469412
1164976089
718773468
-835835601
472295395
-619009748
895253802
1914018182
-951690434
-1943127055
1919760084
56550239
-2081181563
-1131493612
-1654763613
-2060035282
1328308939
1925671329
1612856546
-474459649
1855411931
-1394109529
-1922859447
-1236630007
-1963219420
-987423893
906654022
1265756064
-1822168231
-2132515182
-645191506
-1568068195
1235987018
-970570956
-101183420
1760504056
1541716042
272104565
638309932
408806495
1804383716
537281135
623645855
-2139563297
1121378827
874509080
-1625317163
-1246417836
-1382060958
-1359395494
-1854749959
743556075
1665750358
-55858680
591938228
-849946010
917593850
1360072456
-1678679092
1096705027
-135540758
-987638675
1855844304
-2143668813
374256358
-913697751
-711615834
-1757497102
-324362535
454701690
17137590
1360198407
1425253938
-1308432794
15799662
660824213
-1146877979
-2109116079
-1952048999
1316666927
-292675780
-617766178
1866840705
-79687763
-983587518
-468958835
2073803199
1078702211
-227056000
-1193284521
839306305
1921111663
-596466777
493056009
1787926594
22646255
-924975798
-356008725
1229196555
-1288649330
-256773999
1917615871
-1566044129
-1121491842
47535050
313412179
-1829584103
-433311771
-316743208
1143924724
-1418081231
1773415170
1840079613
-123862868
2000238249
-519740899
-2054934348
695808662
-1671410682
1096352013
-1957658564
748716669
1458684738
1093430933
1096516038
-2012944335
-27647458
248717455
272881695
404378066
1506138026
1822572732
-1841140193
2106559677
-1096894421
269955989
1056405346
1662750113
-902098148
-40494154
-3073408
-301984307
269272471
-1919295397
-1972704491
-184467776
231740352
-808903984
-1497836394
621266395
768244951
-1549008411
-557822669
-2118605242
-2034909207
-202408580
-1735558101
-931182621
1314274071
900420358
1656118590
1483934204
-96865585
-986720939
-1259917631
-1263349114
-845911491
1905579204
1060667812
718527491
1142648372
-904956906
2137187273
1355289676
-1812103502
-532824625
-1737021036
-338917097
-1663801933
805705555
295785807
-856080371
1909089980
420442675
-1300768502
1948332279
655283825
-259660481
-2030819570
-1015622334
-1361496823
-263131135
1854492943
-68448074
-820344226
-1974066806
38036159
-868117364
777261155
869323643
1578012390
1387684565
1357705589
2057780259
286095156
-1612873597
-1131127814
-731103926
-970062550
1801240137
-397941750
-746635467
-1646469902
1777767363
1226848556
-1887900932
-1901410707
606359332
30324303
1667067677
1040142090
1850140692
-910034936
-365388186
-1367028422
2011329318
-967579736
1678014639
293597763
-768790622
-1891407312
-477508625
1979234187
-758938733
112048472
448802972
1239770095
-1835747245
-1628475905
-557375318
-1374388887
573315318
339989033
-496188083
-911615279
1259131849
-620212935
746491099
-898392779
1008360753
1866734967
-1741168404
-1877325720
-1682704936
-419342724
1054313676
331460999
-321376359
630970023
-1573009768
-703098993
-214706762
1027226889
931999948
1749488418
-666389755
-513682196
-794605183
-1538983956
2081603008
-2068306616
2044942993
1464029012
1700697808
-702432898
-227659553
-1773704290
-1563848864
1185540111
-2112018276
-1537005719
610469725
2086562972
-2108781506
-1593019143
1043911886
1245468053
-1176034500
389714329
-7992742
-1607522622
-900768001
-1352539484
-298455913
-1821671391
-1572252723
-16215717
1987332145
115605972
-1196688836
956216999
-465313142
-2131526029
-1256232637
1064410547
1168362823
-960531998
-106576164
624689545
1509724722
-2030969573
1014872568
-977034415
829260261
1508864842
-50198991
-171113103
-75374990
362438263
1471651699
1279634108
2110233597
-2097280654
1523327735
-516810655
-1621534465
-996766701
1369198199
-647975889
-729459438
195198258
435334223
502025172
1505719827
-473486041
-1800030476
1078959393
-148304762
-329275605
-948749548
538445006
-1013043261
1913725254
-592362999
2105048797
802757668
-1094552774
852088411
-1081104967
-1450652827
-16964657
-1021390950
1400173113
-103400783
-1973903337
-1925635693
1016504275
-121065698
-120068885
-992026108
91854783
-383889236
425333558
-1653711694
387518092
1595520608
2049062922
1536628711
2069215182
258380578
1042349560
898938979
-1145091450
418143139
-743887795
1555127521
1670034271
785944169
-1612494754
-1121918769
1615480617
1914241578
29274269
1415113500
-1138504473
-1341327623
-1996668591
431419136
-1653466417
-1267363787
390161182
-34173837
-367838181
-1936869383
-1707388605
-326909365
-86420494
947500079
-1886332346
-1135993384
-302051884
684514530
1549338297
852000681
1627088709
1778094861
-423644298
2007354319
1013883782
-1714351591
740901726
481542486
1264447543
1909082400
-1718630885
-708369405
-992965642
348938040
1367322304
1405406529
-231816345
-1178189385
1629021712
-859067991
-515155967
313426537
-964503301
-1456647896
-1593405533
1025194165
1893620373
-1092210328
-1799546049
-2115940627
16523017
86840852
-1371253006
314713314
66928926
-373684187
36661037
379529941
272990790
-452460670
1063226944
-176422674
-938626956
-1533517750
430702505
-1386913831
-179705842
-97746375
-1613252063
128574048
1916021779
831580471
-554663001
1455507131
-2006960666
-1175771352
1990131126
-1576824415
190493072
766111717
1430671818
764284392
-1930003689
1311895522
901264365
-576482947
1248865179
-492484581
-1644540480
-629914026
1486302836
847220428
-471251470
60401329
-1268470061
-1168228236
121148781
846255951
-1596792832
679428765
2099252721
-1052180558
-1622124513
-1180368644
1316288716
-1352430618
1460863219
-1337077694
1826191953
-640835204
-411673772
2024569032
-33547272
-2124067116
-1137168650
950186276
-59113197
865125302
1684462565
-500776616
-619644735
1271179823
1112629269
-52914961
-470038849
909854597
-1808718426
-459710444
995633736
-229193890
-1486103392
-907087737
-1880398690
-1984423893
1123182210
-786262544
-2095671347
-207040112
1843969274
-1102440601
-2128977911
-1110029156
606619918
1499760705
-49076606
-1735505533
-1564819126
-2042654553
-1152136352
-1043427643
-2067276033
-1038092205
-140826906
-681795546
-1155942966
1373186821
1754494732
-1254990264
-869124167
-696072568
-1541222554
-1361778094
-446174927
-1302180727
290055111
431594199
-954274967
2116556353
1000104204
1274673870
317006342
1595088029
-2128619109
-44917658
-531522592
-2117386365
1036989974
-381485315
-962248954
703674980
1574328910
-2077851658
1352301809
291457968
1447844985
-278847242
-661387981
1049166829
1133091624
-607124187
859191390
-455855066
1222114389
6517500
1097157564
1056034752
386284030
-1988796386
1819107040
2115691913
735149466
-1418918645
-2011940906
709135978
-28127758
-889468135
719137163
-1816611421
-118951127
11404705
-191080094
1681848771
-756507648
1739616165
1955878852
-1856478562
-1505960540
1350757882
-1914781347
-1381499648
-1057590064
828693306
-1644836789
-1291149289
-279632073
-1638275487
-737310532
-1495447292
-1667344021
500281499
-791505398
341383948
-1102921346
1828800326
1336936754
927972559
685720148
1486009973
1026397095
1946502707
1130534287
358511845
-1216363950
-152142267
1116419613
-1457603683
416768670
304633181
-1666057189
-2009864922
-267727323
1234948421
-2019537659
-2098055498
-952300317
-1605585333
-1616685061
-450564476
-1731685052
-89303422
-1578421463
-256887226
-2013619266
1282709254
-518278215
750111589
-2015280649
665822710
957354095
1489801902
-1667118701
-958215037
-1402639998
-1237386145
-75366262
382247077
-1218247492
329603471
144949014
-904788410
317468567
593837996
704675450
727600793
1240914965
1762260855
821467987
-1601463124
-471437560
-1986321631
234445040
1608610691
-507580515
-23274992
1621737735
493362489
-1607078192
-1501901910
1007523634
-1089245654
-1912883985
-1382083483
-2139983850
1473715564
1729433998
1232476079
-114761089
66413587
-1918733447
-946278223
1347045423
-524900232
-931348501
703657324
1812369334
-2041936145
91104833
-2107369527
572420736
-260002841
1573179796
-913027401
-1631079062
1633355660
-1671296231
-267201326
1398092486
1984234071
-495698604
2000931773
-1928515839
1414515234
-166735538
-1826528184
686661899
-659633373
1394100814
-144247432
-533712109
-571612511
-314772946
137817037
891175299
-443845590
-709058439
1691122724
571724636
266671248
-879442234
1630376897
-1099950356
-46043152
-1890567840
665339161
166902201
-754816133
-887421769
1771530749
-2032338452
-206514211
1931753121
1478151576
1564609988
-1522064715
569562185
730645464
-1586208860
419188905
-59932695
-1610254606
-1877021198
349961588
137582228
1206575307
90952931
1819359230
-1889214986
214810551
282692136
-2051184357
554670329
-572723508
152525486
-2039458564
-268715620
2030488798
384208650
-1501363331
-1630764011
-1354573570
-2037193547
1928873453
-1683170398
-2145488121
-1271615642
2138074637
-1911079209
-805244796
-1465750807
-769975755
-1748611754
-110587994
-1686116332
-262522414
1767351157
-981927646
-392864998
621704653
-664366818
735453285
-950294658
993523665
1359349136
-592853380
-1510245203
-221355871
-562655037
-1775120916
-560658998
-1013017371
775302050
221027458
2089428131
1739604958
-1440462032
-1263549809
-1217679319
-109402714
111482734
-1451111986
488212146
-1246427773
-352577229
1887159736
-610817612
-1341849497
474562492
2010908705
753257967
201273914
-2016241527
-1792290235
127316841
-1232041135
-932319632
-817082250
169695022
1642047823
-945242562
286936784
-2012471725
66335045
-1539055663
-880524915
-255181764
889956608
1879475362
-1209487086
-802117293
-30877729
1398835549
-861184193
399969627
-585171804
364667080
-1574892404
813338048
58012842
-1315978020
1445145530
708180547
-1545237327
1381582476
1291104023
-569614557
379061068
-1423905116
-1934402519
-1955119685
-1816134663
1365766855
1742246527
732169623
1958724663
1969174626
-2100160381
-401543453
23549652
-534854812
565667879
1637786270
-1758371019
1220263762
725725182
-635351454
-1349046328
-899521655
-778133469
-37821028
-284295759
-1130406306
1833816563
-924609998
165607270
-1699803811
1524165195
1679723949
-1017986323
-1647339222
1808086413
2012633235
453237100
1952381895
-471168023
-295402489
-1037419618
593480128
1964897521
672144117
-1052122085
1208613546
-1718135863
417859215
1446346794
-827672855
1600987220
1165227964
-356028568
-932366307
-687352787
191026609
284388057
1475414307
909847112
-1584057184
1479931932
-1208350221
2099537764
-1303716075
1853626943
-814867658
-1972160349
1503288495
1342593592
967521611
-499920494
-2147071949
1619764337
1739658064
-1485613349
-2114083899
-1801900007
2099277839
1523048680
-130990417
-834720938
-74980774
38095854
585046087
1030281648
-589914319
61688869
-99855041
-932622895
-184430718
-1542170335
-1337295117
1906119330
23945905
2012058185
-1310344194
1225272213
616277852
-1526344575
724815432
-1542320528
458213738
943114296
1915931008
-24019879
1750680958
-1924667011
265723958
-1699741791
1836050715
-835442346
-714543267
1432315239
-2032437648
688460590
-539194588
-689182416
495601600
1552236816
-1484472786
1495191117
-537024946
-611095213
-1454869340
-450139869
127361293
-1719990914
1490442180
-1030756064
225707727
2051981101
615799844
-2010656529
-1138172530
1650895325
478738594
477700256
1459889773
770609196
167056889
-1092639299
1996670777
130463937
-672636544
1960060879
954753333
-337101323
311293598
-2107916809
1664347325
-1340377605
1456981343
-1229169282
789983536
1946889631
-2137220122
1659828608
1181544225
-1127059237
-1214209893
1914518623
-2069006163
880342674
-1930982639
1424044384
-2077983181
416052585
1460549570
-235974311
-1473501491
438494059
1336508218
565393447
-1869913534
-158775858
-2121095133
892855845
1821736812
-2021094616
627019180
536749878
1156148699
-502415372
977515942
-201679657
-1974631695
1867167436
-1594937060
-1406855924
305801643
431719244
477923664
-996178851
-1523733737
334019731
81753349
624720648
-1174834132
984074739
1838282697
211264741
1862492869
-215588805
1765245652
-771971547
847577768
1784635400
-1795836449
1865973105
1643040461
-811798248
1008323160
450255616
1887488859
-1415480466
240755640
-2109142157
-1379998970
1458612206
971387890
1684994060
19368081
2139998698
952751833
938518452
-1145344903
-815994318
-383814297
161670411
1210318036
254448168
949196241
-2068591479
-1339809853
-236258163
-1351973139
1513957694
-142649176
-1868778771
-2088857337
-441062769
1969153804
1876049447
-938528691
-664584354
110474343
-2055957343
1973187358
644307395
421110157
893888837
-1909186999
-1240367929
281384590
1598481803
197398192
-1703450846
1338417097
-536592624
-1134995262
1338542863
943157357
-1589054718
-1814940235
1063172435
2064201636
-1651438868
-1687534244
823460871
-2130462080
265093279
-792205842
-49060644
1031874487
991143759
-1042337130
-431178714
254550667
383670039
-430067388
-754229349
1252363028
1337506775
1466368394
1059590296
493499585
2040219171
1654616965
1724184156
-1809015122
-961545412
497679969
1209246425
-718256192
479487725
-1584386995
-1341420505
211533980
-588047639
1419838352
253871069
-1140123201
511160035
-2081368307
1745981418
539672378
-1203769237
-1075313012
133480784
654281614
1227253569
