-1835360212
1193793241
1883770908
151729794
1550863605
1641793484
1710582110
-930366719
1724125867
-1714577280
1253769797
-621593293
1101118580
597220773
1872383931
1692840777
660668626
-352020327
1880784280
-1865546198
-552685840
-270538476
2086282451
105301884
90028313
943426672
883288018
-910996949
1179738006
-186330168
1012202344
-687640543
-1131413620
1075878752
824448931
1637267564
1765199402
1355878800
-497266430
-1662951497
1180167687
-1637828702
-2006176331
589424976
-1634257695
1950254579
1040605030
1993079807
1914049595
524579758
-472743784
-1950678056
-709639453
-934562819
1440071547
-493433924
932371706
1625487883
-770876610
1956941110
-1865766649
1673744503
1567107132
620482999
1089584722
1027838604
-1608614273
1446800214
-2086781529
-1033608166
-1808733595
-1738288709
1540844496
-2055841358
467685768
885459047
-757846639
1768746146
-894371416
1271343312
1932623679
721288129
936882483
-1364864395
-1925120225
1123247357
-576601917
1973130027
-1855341168
70630545
893374168
-773945882
-2078337980
1893455258
1574428563
362474723
1640804837
1172693370
-1125599659
-854094174
-1444291664
671294963
1344997174
989267106
1830115889
98421923
-1359270053
-290374492
1057994964
858941474
1380976515
377595286
1838402128
114097772
-25832899
1380801155
-492507328
1769342936
-1079891150
1512891420
-1839219393
392609309
1013276569
-951091491
-918913569
-751546810
-1353910655
-1709120931
-868809318
-65109333
-984554107
-931572423
1983747628
-807543891
-404680006
681360055
1991070422
-1389023592
-1011881388
-572545916
1327579333
-214408361
-940474667
1423846302
902863830
181071476
-2028137724
-1305054227
899072892
1714232583
-955847031
-1347777703
-135400037
1753821798
-1699625007
949061735
-1619679614
-658112583
-2130348364
583193721
-207224799
1077235165
1847612848
1871139404
434814303
1737561805
-1550883856
590729245
-2028319945
1014353240
1666934796
-841087793
-888255562
-448202484
-1638825776
2118767440
-420109278
51390319
-1577308105
-1013779630
35568339
969416410
-450882069
-1912028076
1618941254
-613539729
740487134
1492465849
-704202050
-474589878
608644691
-1219406471
-1468449929
-920456633
-660038881
1489482295
-1618096924
513530426
1040379004
-758690607
-1470717210
-1422206009
-931633771
1502085595
-642497991
-295256656
-1339212908
-1353856544
1730502208
1775909631
-286082321
2047663228
30575338
632207959
306461436
1723564635
-1701735434
845955667
-110553518
2069872067
745245072
-1239045349
1030859870
756998949
-1869255262
1861433668
2064671052
-1577650819
-613035131
379456625
-1310458974
-732817181
-1753887107
1781016603
1681429588
1555773224
-664145936
-314685217
184704667
-1913048765
-656964568
-534519329
283324219
-285111520
578968542
-2065865153
1916658437
1182043568
1561419978
1330471968
-2090131295
1173138302
-2052383538
1448721252
1804936580
3272676
579296987
1401600457
1421650948
-682391704
1759366947
-1404964547
402641960
-1561467449
-468118891
-38490642
1743672652
-974855330
-1856367161
-1005492229
300107812
240969468
-840791990
1158027828
83028446
1753102600
-1125350112
-1707348000
-1260387513
483246893
53000870
1988141090
460436282
-1417418097
1470182122
-1598693212
-1377807778
-573164280
505668665
-1687401102
693061508
-1310446651
1492313049
-1540711575
-477610609
1643665413
1980694909
-511675511
1893635551
-2105612727
1178105882
-389569284
-1748153977
-1025580512
-1923350120
1116843400
-277570032
1137635837
-540408906
1251666508
-430284321
-655048782
-1472789104
-1524091889
-196361820
1738156930
-1763095992
1077106745
-882868509
1685392306
-1080427243
-1723213067
-1667679349
-622281800
89908451
-1479588419
-890133934
-980052697
411725289
-2098302400
1045970399
-1278286318
991109259
-253085060
-2143267142
1287715110
21161343
315195134
1003048086
1934338554
-2103364830
-744894978
-866645557
31613680
-2081870816
-1732332609
261191915
1161637900
262839287
544994225
1855504565
2130971395
-126625320
-1718564709
1598132309
-1658103472
628054497
1750548772
-856443202
975385655
998461901
827264029
-1698814018
-1538438587
-2050622741
821466155
-855874129
-933835788
-1289336118
20041998
-1563761474
1578387918
346671414
1544457487
1128167481
1591269444
-782974535
-2038091735
-633019788
-2009060476
165348581
-1267452780
732901466
465643370
2135422039
-2132374068
1229417132
-1771539124
-2120583293
2118425833
-1696154946
1902687050
-2125290297
1973238697
-1082440654
-880351020
-460031476
1907427948
1010703655
1054177093
-1044409807
-502455653
-1906133191
171764616
978599450
1647949701
934164673
-236204106
48032441
1520345667
-405451818
-1038110704
-1768387331
-96837187
-1980817124
-369762213
-1621373456
473623872
991656132
-39781879
-175524522
960622230
-1330873572
-513516588
1330909805
-314022585
314085501
-156436024
1415637810
844475372
1445899910
-824849352
-1020099046
-1202287043
944676251
2089391982
473067535
-2060960051
1814532779
-685744047
-578124463
991846169
491261388
1922962401
474899154
307850894
-409912161
-2044266584
-1583584188
-1704805127
1388370317
1058777754
1917522610
-1756017810
-1972918506
-1873193773
-350855188
1901957334
1065217559
-667261863
-489606325
422824165
1598076635
279709724
1725453839
2145170894
-155927267
958509076
-599799178
-774594648
-1420749578
764688015
-686055108
-1731546896
1169618625
-961955729
911875191
-156971623
799633051
1432617322
31208666
-1560687293
-2104578057
-880781824
-808646700
1934658928
-1736033241
25824011
-1012946273
439942867
-1378137206
-2099230571
1105901156
-144388334
-1054955258
-2032345392
-1394034440
924066230
274811165
248159259
-1427906317
-1276372319
333914857
2115501083
111369824
-1388747745
-411746618
-265059569
565857641
1570351629
-1251242157
-127701289
1332525552
206744144
1467765956
-1701878074
-1516048448
454226029
915402652
-2104992492
-856132063
-876721433
1502769093
1218214794
1629908297
-932097403
-926064724
908065863
-988884309
1640331497
-242104579
-788363026
1329987587
69332584
1778124197
1773341681
-902780942
2134829545
-1402605147
1820373038
1609820531
-98821568
45698548
-280240223
1628885480
23783538
-787830865
2040167588
-1811182351
-1582608927
1704567760
1760353791
-23584001
-289955382
864830652
-2078086164
1167058245
-1721451400
-659040737
-486910045
225689956
-1755783590
-457017500
2009135762
-1849804584
-2052307260
-1876109595
691423696
-1430782627
592463461
266169439
382537355
555919420
-766503325
2015928891
1096986623
1571542336
-353411190
-1302714200
-1814932472
1371784166
1170662770
1574362524
-1075020033
-701354864
-1957637477
-1249372764
-760527734
-1214924566
421158020
-837324795
-2094019724
215850299
729881066
1306511700
-967465929
2012108676
-1679636832
598769204
1980117088
-1083292426
-279372485
-257705029
55515613
1890101040
-533926089
1752841231
1754271517
-1037705788
-1664941520
-32395001
-726804542
-561072256
1168347929
-2090065392
-3808617
1126812305
-1321573387
-1431215084
413308332
629637898
1370352493
-1709613699
591177230
-837029020
-240859384
2006210290
1387016038
1772089383
2071499253
863851695
-776686206
-2088557338
-437889793
2023524739
-975846903
-652065598
-1288041009
-584937538
216778515
-1411786147
-1255690211
1539363022
45486987
-1843774230
424072785
502217929
-562099536
-987600616
-1100459397
-2090116491
-1734277627
-2073542351
-1019830468
-1386525218
-401735847
-997888011
1752230681
1331362917
-293539383
1743670815
554414818
-696856124
-329089516
1385811726
1439463216
-678764038
-876901823
-1742443677
-649595948
-1304189045
760067090
832989000
-1008877568
492846446
-1332669840
-564120446
275427412
-858546535
1031910095
-643008085
-614302076
928161550
955994061
-1377869795
573776088
221530541
-1522290181
-128240351
-1263820892
-1926860275
-1839689657
-1060299313
-1773925574
-201727219
1896872076
-193482986
1388643628
-1728749155
373062635
472379815
1029520991
-1258714716
475230349
2055181317
-99832618
677918061
-2000394204
-925654727
-1867998152
1005023780
-1972128966
-1049949988
1278538101
707518270
1820727323
-1380771747
901962514
-1432931321
-1058045148
-798272929
-2094105882
623549476
770929458
19070967
287315818
1858201277
-712023557
-1357053239
1923801085
-2119412172
-1995141202
-1417670312
1696961692
1279246038
1103599982
585112251
-1852779310
1646571893
-2110884465
749507049
163593294
1280240639
36085710
-414528570
453981956
65643589
-1833830060
791959509
904130064
960856795
596969670
-246481092
1941882712
1986277363
-1339821601
187727866
895329746
-255436791
-1263574223
-37469727
565404996
265225117
-1711128491
1010105846
927073601
952494504
-1393353305
-1577821748
1665850287
-528774622
758785101
1400345794
-155276646
417638409
-10787745
-1932978829
-617736183
-854122642
492398852
-2028838696
-1371463945
1190996685
753249774
-894974449
852276714
177102893
-1121502682
-1998944275
241505799
1524123925
-949435099
-1768319751
246722639
466508878
-1219313028
1619671195
-330674867
-866336968
-405251763
-2088588007
-1871171473
1007839269
1247278864
-1969435331
321283396
1859114769
1074509335
-1173256865
185598123
-1431289151
-1261321910
287976508
397300991
34322126
1564330368
1125030892
510527899
1446967043
-1590568404
224093506
140548554
-933862345
1313371286
-1978250416
1639887399
91578386
-544748972
1010106372
-980529014
-573068896
476406424
-615905242
-1605565762
-1347622669
-1992825954
-1470678337
1410520859
-253731189
1704608118
1428760688
-1081102615
-232434206
196541370
511396447
-39814303
84382654
1620214262
1740904651
-270848459
-44391110
-1495261553
1917115154
-1241814349
1201315688
-664008740
-2075911509
1640672698
1526610951
706736074
1163262973
1157433320
-1011016278
-1412915250
1040820505
790063261
2096748190
-1911870069
-2115880805
-667309628
-1329163171
-383013662
-975825621
-449282781
-1256434310
-1054621776
1783343948
1381738897
2014251606
11119900
-531879878
-796880928
-410952182
-913727872
725965069
-49222470
1091609356
1627820105
-671741981
1944499633
2051975981
635391792
-1510450577
-824287231
-1008118669
-1844550539
-125128728
1388017749
-2068026825
-1662762936
1451553372
-1383147226
752203211
1095991284
1714600175
-526051907
1862036855
-1056360108
-1912849119
1989747151
-673169210
-595300247
558110876
532104719
-1078718549
-1130211105
647657698
-1920945805
-1716241803
1077869702
680265421
-411890243
-704268049
-1366248969
-1712307836
-849058777
1347749589
-331796594
-1122128459
-1226761350
-879505704
76475872
-1683540913
2133121272
-1806883516
-136682010
1901136564
427212865
-1833750128
-1826780648
1179364975
-1035848281
-1187107200
68919100
-1062503999
-1400561125
94934216
434440223
1631099483
-809531060
1672402265
503609983
518113211
-100148588
873606147
59822944
1637963081
-1040904982
-2037230546
1708450101
1847892026
-955387468
588518308
-126098680
-1223615210
-560517358
-1080555782
-2105047316
1496872649
772539440
-32462334
-1221970347
1022326784
1480458579
1587529446
1399369049
-1933519868
1055162753
1420207075
-1597871738
-1325857456
1971948352
-2108586878
1371859144
307625019
-895704412
831223869
357766711
879316837
451878092
817191110
672929014
-1081932044
1492340648
1685849413
1839879225
-2016234860
-172608421
-724401112
1502232311
-940081581
1007017059
1906070182
-348941747
-200670949
-1700649633
-1421934235
-120541761
771498779
181514193
988610832
-463228632
-65608324
-1445555041
204958354
293872761
2041684373
2115651924
227205755
1833719311
2096084343
1742763613
-1651826016
-1901846874
-137277937
507410165
-460317215
1749451313
-1862162856
-10689150
884991409
1748573504
-563469985
324017906
-358687551
-1599053807
-1317111579
-2092416003
-665522555
-1953303291
-2069881077
-1490520890
-204129083
-997540271
-843888763
-1868457633
-1834751838
-1853315526
106976076
-2000368693
73658917
1491770520
-300613663
182881430
-1517155794
1739017090
-291431657
-1385023976
-1440222922
1198848690
736069364
-540882789
-721969831
682299003
-930336693
-1191761121
-502005921
441527727
-247230548
1570837284
541718505
552210696
-1093885347
-1543110569
815696789
962663692
4947746
1666085531
-1111136077
847880007
290300490
1895105642
-297283139
1992455380
567439613
-1369202849
1091411592
1403048126
758268593
712371430
-60884521
782525324
1333371173
-277618367
-1400063625
1572746855
1854653290
-950485674
748398091
16288144
-1784423002
-1499943265
1738857343
1863997647
501987555
-945444504
-1135282361
371460334
832326370
-1853398755
605800621
-860418213
-609219196
-1789323747
1431261278
1305219588
-2075425649
544488605
-941252088
1416012189
1675139462
-67627395
1148185461
2074853873
-1460494684
1739432096
476416808
1628156297
1921996753
256568471
1479340069
-2020727049
1136876150
-1091804082
-2042888710
135815510
502711097
1110117009
-618878399
-64203367
1209313024
288192780
-351804212
847295965
1431314746
-1523861353
1519055391
-1187051288
-774179301
-1347885714
-450065729
-595904638
-1318775285
457601825
1640216825
163778787
-1746592393
543966208
-1962753356
-66411576
-2018091870
168536034
1648402297
774395772
2003754097
-1153536414
-1196416137
-90826918
-1636105669
-53616957
760136143
1091300359
1974258045
-1388814291
-193241207
-1505192145
1058296925
-70363104
540910781
30739888
-1836401075
1587258189
566343539
193063903
-1047408587
1867449601
-421122866
553495883
849099792
-1507928529
1211140598
582137858
-2075066212
981632785
-2072865933
399397867
1596382672
1056141170
-346725852
-1431892448
1384234228
434769757
-99676899
-68185506
1227459229
362066583
735109179
1507503823
400728786
-2120074424
570356389
1514732804
1884491000
1419676568
-1833812683
290364538
1546445868
-1467093868
1779425604
837177506
95839788
1088730654
-235268965
2119902826
1265264283
-1540777286
-522158748
-1265420317
1391612740
21828619
-1555459742
1648278687
-1654554385
-274396940
1505270438
-1561497768
-951794192
-1569903211
-1117159107
-1775354976
2056779523
-526816892
1436348852
-1057248608
-1857594472
167513068
-372194308
-1380733393
2038124244
-127122637
-1408364933
64844879
389705935
1435367882
784758453
894977926
-2000406766
-1565832680
291265241
2054672578
-173972300
1883648316
178542929
1851783387
-1616318279
-1577639560
1454697458
-1897232631
635873087
-410470812
1500361123
6938487
1112785075
-713976493
-888498604
-1188257957
-45466551
-1887724510
-1610666158
449392692
-769920698
1482865852
-973730679
662927954
-254738407
-1599416883
529762799
-1306351198
295415412
1300515748
2001229561
-644516810
937163939
640208828
-538574699
-1381258589
604901223
-279978976
-71694487
990070863
1476603164
1191277596
541949190
841149020
969402028
-804536372
-388830823
-1139390191
1218955287
-1283080991
-940080620
1901818113
1518256847
-645233402
-1537788445
756053464
-1553708403
-280822757
30882878
1217569457
1294916282
1882820128
-940531635
-1712982988
-1340835847
-722021225
2010828408
-834289805
-1241279644
-1253841767
-1226405259
1375976216
-2124299140
2105888667
479173204
1569327786
1246091368
-1905253573
2070429575
597104884
-103021518
-1417098657
947373879
364971908
-852275698
1965935235
-705724429
1537576132
1487610980
1208898649
-816144097
-1662179700
1048924630
-1363670574
-329781432
1129807991
-666705613
1176368306
-2112654563
-66525002
-1509400507
-1637155240
-1312092744
-1425561508
2096543055
1138322947
96927010
-657119894
675829489
-1535672410
2015974084
-274390241
-77233678
-1714150487
-729508000
1867770871
-1851970133
201593187
1761310651
-1249553413
-2029516879
1734439615
938143727
-133405658
-784189463
-1370070097
-1416417642
-1677495451
-322379999
761125854
235259797
-371693785
1526182004
857358244
737194146
787919193
540100906
-1184107926
-1585451161
1819471998
355589718
-1234524298
1540791783
-1095143668
984322247
-1716147191
-1835315791
1364003799
-757636061
1451215815
-746700749
-387515252
-2144161038
-1134706023
2109098712
-1330398780
-2130441227
-327663740
1703811474
-1671691175
1390496491
1019928715
-144488964
654689772
-1209856568
-451820966
1434259492
2120015421
400979217
-1100966411
-986344168
-1008754788
1433681566
-1260758379
253024570
-1092585198
-804503448
-1228148098
965970108
1878390406
989636884
1826308261
670943401
-791725476
983291726
969251156
236871228
937610193
-618434153
-950198309
55553918
-1978525351
1797033787
-221795272
-1592554815
-1466509719
-798809550
-1720543700
-1469114196
-237292818
785658674
435008201
-494285721
-1823617892
-59419350
1537661326
-490308759
731351711
-801053149
1821990776
-1961582357
563575199
327617172
-1168129066
-266726819
971578253
-1615094663
-1682547900
-1854243016
1214131415
1490129833
-40814089
-153260357
2040013986
630412343
-313330461
-7729593
-670448097
-1332210588
-733091944
1188336952
-1077937542
-1930806924
-597475166
235325555
-13432219
1509855673
202499239
-1405882720
481713490
-68916347
988716872
764778102
1945970875
-104455645
1592807805
-1896205441
-1458400085
-223237004
137919889
-448821093
1129768975
1180504736
1327300854
-1112627468
966732868
-218329400
1334101265
874634545
1318152695
-1074636876
-732726452
1739221528
1154511662
1791561103
439604823
-2106736403
-1939397228
1115293626
-1177724559
-563112877
544814375
1543712899
1316587083
-1888183590
-1403206346
-418685460
983330893
1058043336
1797075047
-1620016148
-531007013
1804790238
-1814856961
455259469
1585865849
-1719016353
2074823789
203917712
-444603949
-474440481
1380270213
-274858961
568992245
801328689
1895081406
1999084631
-945617447
-1597851026
599168975
1133296468
186360442
-1375976658
-1943077731
2092000145
279916239
-864533854
398915965
-60544301
1058950204
-1183503544
1189831970
54022250
-1833267685
-363214207
1552684587
-1271680900
-509339608
523988096
998049472
-1622083131
-1154325408
1265839426
1004095844
-2118768549
1125326685
-1669742462
663217460
-896802238
2145814187
-2000051138
-2115111530
-903743076
136971371
487610703
-1747134645
-1159736379
-1772535216
565986832
-2098139321
-408959747
-1194537319
353233896
-129378990
-713013841
-331393381
85723979
-507658710
-1393911861
-1099565539
724236377
-1341392792
-303696285
-662587060
471949572
-850238917
-2036918109
-673287661
-336113963
-839323990
-970779399
-83743635
736824077
-1825281756
-1631014859
-1098574871
-903110598
1903141668
-1146101284
-270731763
-1118873478
-1521967853
-668504593
1569189036
-408688550
1887805520
1519836693
865913342
1230032474
-609498752
-205295375
613888288
1534408413
1743184591
-1656024768
-955470835
-731763144
-2066676392
1240514296
-441644842
1570620008
-1586745396
-785291131
139413531
638033196
1842605064
-1254686191
-644584979
-532838905
-2115170766
1460383672
12007062
-1263073869
-682477685
-131824762
-1144238628
1909133917
-1389768795
-1854828
-1186607172
-387839355
-118779275
-1545658340
1891416210
-439695340
1593096691
1744494853
1759182172
1027232487
-1097443957
-1410740681
-2015650654
-307482998
364505584
-1507721788
-22003125
-1969154976
-2004039889
-205456370
70139592
-1281408492
1993015066
271717367
114204178
605443173
773273141
-261998490
-992143894
1914881655
-2024073183
-173430690
723149005
-170789575
-1602768780
-259304224
-1833871477
1660974321
-1881388487
119644245
1944531830
-473215508
457563292
901620037
-1976669997
1959555109
-936854657
-189697424
705410553
-1603298179
-1320534199
-1865454506
-607582740
2070068900
594052270
-1925744694
-873258871
-10748765
912616556
-1679304227
72704688
607129810
821294876
-810195131
1947248096
-468467571
1539660925
757219108
617459014
1853714891
1016678998
-1479083739
-1083289540
-1944106598
1886229153
1918412503
-1416201755
1524821594
210893294
-1944635316
1953609611
316484482
-1834290874
1948147437
2093890613
-1202320483
1061128027
-346168460
1369408130
767411488
-2015274433
-19489046
-1311473306
-929002335
1439933003
784034309
-650008314
-842229061
-1547246314
661971348
1847954507
-896164132
-906903276
1748006609
519815632
-1883529162
1279908824
1463054355
-1967598301
1897840157
-1149651753
-1767437016
1423731297
-688586648
-647995275
-347380483
1915808175
868076978
473308715
-429524975
-882132674
-1875476356
1191815543
722333980
-1433074540
-1650524586
2012721675
466304384
1034779126
-402948951
46975910
-1451258051
1870903916
1921521180
1808616725
2040170089
1012820620
-917191708
141615581
-1619676809
878582833
964876907
-456006376
-721606976
2128811444
494105070
-1036761960
-1017668956
-1619435316
803189547
-90631594
-1534098602
1650514249
2145551751
1736695227
-46547914
-648540258
-370845924
-898112199
787754428
-404567451
-1757447894
-1516251704
24149297
-1338613452
368665357
403087836
-566186828
934122107
-1636968177
2116694066
526733347
1361102653
1772578697
1051219883
-85126990
-626695829
2051780985
-1959205622
1356905331
901484905
2121470156
1642957275
-1284080788
1355829168
1833676805
-379444026
2139443391
-966724410
-52505491
89153265
-272680634
-1390389326
-1496947316
-2075758042
160805383
-933459686
-481124852
-934697358
-943555849
1619296628
-1737234698
24589205
1245494209
-1883499651
-500045739
344883677
677572148
291022179
1864784973
-1303466541
308624578
1242774282
1821941299
111032038
-780092341
-1517105937
1305779543
1303344994
-585569264
-1725671706
-546038466
604149898
-2137206324
-1425372807
-1321729712
-7305571
1529578007
301079339
684628995
-1371122345
527414081
-1239874837
1903247672
694199100
-724187104
-816089978
711387047
1636791399
2057337010
-919380345
165627701
2080477301
466940722
-625793722
42226583
-946637832
1698633136
1426189339
-1550249162
-1087009500
228217366
1239935115
283204134
-1197912666
-248850534
-379941257
-1167500436
1842073140
1366146686
-1202133250
-2145645599
1505178312
-2069018628
-1888399169
-811302586
-1499612807
731863053
-110691927
-479697343
-1273201862
535763546
-290317851
-1866663512
1231197727
1830646616
1056132003
-1341077454
-1889743961
2040910902
-709951051
1229298950
-906967835
983721512
-219310355
768628556
-2009629909
1517133735
1219760548
1482106901
-1402339910
-1101669055
2039370935
2143043311
-1266034504
219715517
1498355679
93538541
92114581
887945652
-381372745
2031749671
-1673782862
-418563706
1677912585
530376358
-918641353
1698013887
-699769724
1540225135
385378656
885036069
-281402599
1930044530
1397836848
1371205453
1518258629
751062318
2121244375
-144375470
-1801312895
-2034326466
-1863104591
-1527769204
-68731535
848658854
-1889529533
1730263202
749372713
1559844423
-382260466
-1456946897
234119056
1669133878
-667959383
-1050135387
622500096
1236651066
1358456966
899411445
1090511285
865249413
-1836984003
-1074804298
-1251919021
1792555899
-778313203
-1122105718
-1587393487
-526276610
143799541
-703364308
309264501
-1861969068
-1444030571
-2054268
541289523
-289933313
1775359777
251075640
1837945170
1359185882
-1396652560
99066694
1491072409
-1463218613
700839996
1250361213
1062370099
-347771671
1321267129
477801449
-158319049
2112507343
-1967322179
2084816802
714328107
271243578
-1251556228
-764833400
-317714506
-1710894425
-511760934
-1114085396
555262301
2132362684
-1770227298
-1383190176
-1620532768
-639675244
-1666118324
-218297444
-233137994
-1738233042
-836671005
1169725290
-1083056922
817938113
416816419
-1884165864
-1392334052
-2070856602
615388415
1069427902
-990988017
1041420370
1303205541
627955159
-158413508
106317951
-1883806366
994583948
711544876
-1070483800
1529810132
48061498
-234590270
-1206927332
-484108678
8151173
127491780
-916690090
908183965
-2009453627
1994103274
443596156
233984987
1724283698
1423264157
356532963
-1670358132
-805856031
-1704752174
-1658322826
-1904807989
1817463506
1375102240
1255745247
-1005197716
-1120500736
-1300814319
-693264637
482386743
1960070591
1260441169
-268279231
-1704733749
1565766961
1294202316
959655900
-928552594
1929883448
-1175312414
-1051269020
581219416
-665000571
692131317
-2065187131
1321162728
857401992
-1772314540
1965529540
-1107236024
-1624494175
533511812
-1972854289
-67276959
585422687
1836775290
262687748
1061588791
960550345
-774739799
-225926207
1412461819
-1899087904
391554017
-995805811
-1955339926
2084175321
-523093243
858286326
573750783
588475126
-1512778750
-404029592
1446616745
2019262032
-710472691
-132567243
2059898448
-468113891
1463240010
-783483826
-189441281
-1074723010
1520014841
1309364457
822121787
-556212049
1874726794
-1038214212
1197831879
2105285602
-236770262
-1392675183
1530692077
-806984019
-1409484189
-408324750
1596127548
20717781
-995037167
-814736011
927345071
273277180
555909556
2028541773
54629471
282926858
-348199115
-2107239510
1347015665
-1204873746
1912290987
-1418058207
-809503452
674914762
2062612612
-2022168172
-150397010
-1515716710
1257754259
1312756531
-757209052
997645987
-1912086421
-766807302
518198072
518099271
1748393961
1383182560
-1842036232
1037171205
-299470577
1807683271
-897505709
-512800144
1943815422
-1326929761
-1111458116
1110910434
-2027670824
-967088044
-156547336
-1118460676
-734850905
-52433053
-539175767
-796333269
1478509613
243482251
1874944229
642805322
1621775258
915823319
-480895139
930071009
-888933435
50335224
-1266739582
2120745170
-127532712
314721884
-2131968902
-840668463
682488855
478173511
-2073660917
2021585944
433341209
854719490
-1502806843
-1193473115
-2002603451
-105288142
2031292630
-1043761528
-2069795706
-583873844
-1962697737
50103318
226586998
1337272285
818951751
-1225423455
-1632496349
-1367265428
-261592233
772945684
749407947
1769635276
19210404
601406883
953906750
1985381076
-330880385
-1717453855
1785352166
-458189506
-1535424310
154374487
-35426362
490518108
1253018206
1204825060
-1417424822
-584434401
1548321218
111906567
-1332685991
-213764577
1403895861
-636634767
-1716315127
1051007373
1059862939
1714850513
394018100
1781805258
-2039004291
-1069648094
997674758
2133956043
889583286
-1419809222
-1058353092
2077884097
-1372219170
975873876
2107522157
-1787899969
565848061
1781443947
-261465473
1676022553
1944580997
-1076620907
1803420302
1633998833
533180474
447551087
510308988
481409813
12362886
-237980028
1077564894
-1552165639
-1668506103
1158238021
-343005479
1265849016
-333686422
-755417961
366805897
-714755890
306903573
-1926945308
1502163303
-1888105560
-1046419386
-2078295181
-1272935862
895560258
-1932992569
-1876220866
1866465397
142633424
-1098813897
-1099871913
-1963969658
1087180528
-665193882
1321942670
1511690911
-2011005882
420599708
2079127937
1052080565
-782396666
-1108201523
-1925138111
1496021936
1344764989
-576711740
2093441780
-111438762
1143783582
1035243566
790638338
91034062
149214907
202725546
-1851055785
574153718
1175237702
6279308
2124651516
705192485
1716325331
-1620099596
-1429476701
149598436
77126421
33527604
120617613
-404267994
-1418726689
-1910873920
-201828994
-683257406
1066634194
-1005218083
-2063186156
-222055598
-568002800
1444616709
-1388796916
588068672
1974427483
-1629213580
1350243970
1295758478
-389885863
2001614599
1880876150
-709190534
1544160255
-1550903252
-2024886990
1225611863
-549014621
-1953389588
-1363809361
-1192317758
-47072766
-1024019558
-715668679
-1471697820
-1172159492
1898935067
2101383010
1864498741
1934534825
1751709467
2143240633
918477809
155218624
241208721
-28093310
-1737290109
979534366
1348889357
438665653
795139738
2018796412
596630390
-1277028076
-702158572
1707976958
1441458575
147512760
-844980235
1856934907
-1539826970
1742864223
1774886422
-1512205654
-1871830848
650553817
-154756037
-784414395
1588344599
1053397943
1436727288
668600172
11228207
773998595
-1575845288
-474703639
56913568
1205239384
1948814686
-857072286
1825178408
-658409545
2022182617
-1737465546
-1492480838
1345432819
1807798514
-1524226628
154973069
-161638954
-1513328307
-548293778
1079255070
1989961384
-1070413081
1439926166
-709579103
1905156414
1473905861
-1445376251
316068469
710575416
1391922631
1871076537
-1725908286
666464977
-748623577
-1588863450
-1738336636
-1783807194
-803733391
-254960817
-1513693853
-300940079
-525157166
253007902
1039321817
-2110679209
909680777
-1179793868
543479780
206265904
61846497
-518397553
24610284
1186229017
1590999549
332884255
1908039069
703552254
671213490
1526561887
-1241684444
78830623
1632112676
-1329118132
37037487
-760793140
1350566719
-350137059
-1280000928
-1768030459
1491873292
-267408746
-507044924
1404783531
1716443847
57410051
1491620512
-1349981463
-42750600
-1975643551
-792766564
819883089
1828798039
1539260634
-1508076561
-2042115780
-897990857
1076234910
1115836759
1717542478
1506604957
1972608439
1564626611
596446642
-1175796041
-903975164
-665496349
-22600588
1468865687
-1434644642
1551111933
1223355
-752120991
-338138093
-1221286490
787637979
304430239
466202420
473399620
378026399
719261734
-1992865301
-1092294630
-41762168
1941403181
-1600058015
570272141
-1227812266
-1356233461
-141725687
860351711
996168256
-1445898060
177660277
1288010035
-23691978
1739710368
-908182890
556200070
-196181337
1359276665
-1131099689
-950229424
87146123
-672851790
-443128147
1435331156
1298778706
-662701601
431150283
1414023298
-684078732
1278497381
-403055972
1994253168
198382803
306452166
1667479491
-2021530008
-711738859
1107096717
-60447967
-814372151
281494494
550430332
-1479624739
619273016
2001433562
140031370
1421589463
-1780251309
119106053
-33278184
-840076168
1551820977
103281957
-1161355412
-1157405709
771698949
-1411007943
1979265097
520098030
215773113
215597554
-820463637
1975480177
-1476385665
457432781
717409384
1988607645
-2072222497
-2012759857
1994308763
-1922799668
-1269031384
1193480749
-849952252
1949985801
-144127303
-1425568216
111884894
836822383
-1982429061
-692958562
239310167
-1277949803
1850648863
-1795010856
474895767
1613331146
1868932636
-32985120
1253284393
2026188587
-146301027
570836627
360926059
1912260292
-1164943384
-499024011
-933246290
-814628033
642507435
-1865087901
-69695428
880150314
-2022088591
1176697684
-1436911142
-1046090908
-1091496381
-389452896
-823004702
952982847
-1863030925
1484877649
-314975658
-293260621
1089733330
517984489
-1373107952
571319906
1956019438
-1190319674
-240584377
-241932171
-1579828712
-1421651473
658283375
-152615207
855343221
74046716
-37940679
1288695967
-1837559227
-758059520
1075139241
276021093
555391351
972256071
-2114828305
274459759
1861783128
2056477930
-400091059
618053559
-220458593
559217457
1214427351
1924870659
-265982872
1213544026
1080183870
373088667
-1891457409
-658986413
1340034001
-365910625
-790689784
-556853710
1447990793
-498343985
2145127888
390359496
94896658
-452695579
1063449042
626598833
-321294386
279324617
-1051665194
394824655
-1965497178
-105599292
838898695
-298587412
1262985467
1329424044
-978468639
-1569997219
-1844788150
-1164452459
-1440323271
-1354703239
755625863
-93966954
398785696
-392683599
-24416663
-1013489248
-361237784
1658501532
982806251
2019627806
-1531180860
-1284397664
1977578944
820158332
-1655260446
404092570
1004512567
802250418
-1095296205
-3665378
271572211
-878031632
-295772655
-579206575
614017039
1339532287
280340964
56408439
1449862442
609660845
-1013805716
59680494
1067650611
-1296534457
1208308177
614268990
-1617519836
2116493737
1093021510
-2117504752
1136575815
-142384994
1176395089
-916018657
-1932560999
1461418169
-1463791955
712647181
192227891
-2096654868
1399296350
-433421132
1737494861
-1426429247
875210917
-496160506
-567091784
749803410
-1398794478
2005957498
1190263038
-1292416689
-1286562170
1287263655
-650297932
-63836352
821978587
1237144133
-696015897
2122182204
1929668350
1072185866
-946497476
14374467
-2086003771
-1511142129
-1601180927
-1535702264
-1354892661
-1753819355
1695470773
-956989250
951950250
-1282509364
445974612
-773043378
240428097
1071975825
-638563164
1938949274
-661979998
171860252
-165194729
1315940989
-722783822
-759696415
1024000659
-1850749674
946694496
728358293
491700712
-1534056521
2033972857
762761987
797961869
-2021264177
-222681513
1048078384
-2080127425
908032166
-1443855632
-1918526213
-815733434
820407554
822459741
-142913951
536436567
-1517955512
1511374585
-1057331443
-920770194
-1221797524
1123627152
-1865409704
-1816469233
-838352316
1221962379
633686068
-1148019507
725465599
828357994
1018444240
-626150680
-1712440344
-985939530
-1598704316
-524805030
-594052448
-1424336179
1565679398
-1002663296
-1092836866
1768565867
618138377
-517142169
1273491733
-1718533572
-1333608929
317581569
-195995848
-148871924
2112204108
1424542135
-1255946508
-1601057525
1508120920
2126044350
129403794
-1104001178
65072099
-2049140863
-497780453
-1396305095
1330922470
73642236
-1501181470
-1800420040
1619335432
-2022422536
-466410008
-1170803372
1402197692
-110253834
1472093859
1398391514
-769922714
438333607
25061931
1923381029
-301692066
2131535216
1261888362
-1050121923
1306963134
-286248749
-906704134
-1623491152
1536840091
755045868
-111095863
-547161488
-857856911
596283547
13903426
658016806
1378260567
-973627881
462658055
1448007215
-1051667016
-145012800
571005957
-354381277
-481334950
251026118
-1766847250
398891361
-1314031222
-1949444040
358633921
-1741986430
-1849198442
1682079353
1885105795
-771119923
-1964593590
-394132220
-1723345301
1398589572
-2084527748
-1198574716
-1936845968
212792583
2076417961
-796034239
-538326625
1090493180
1105099208
2080874218
20732424
1396170942
1394814346
-1414999692
-109867655
2004919337
-1586575718
-1366321516
-1550665519
-700871670
1183831946
-151884239
-1541329110
109104864
217478054
1238667336
-977142666
-1514402232
597756497
-1585948680
-1929213556
1174394798
-1682616163
-128669346
-1251890455
-486024272
-96557639
531279952
-1757416300
1901539456
-596778441
-1729047849
1282254636
-346927561
-116684488
-1715610557
-1492648713
-872905034
199534565
1322869562
-589567997
-11426988
17835589
1271827973
286288126
-708264862
341261499
1251756605
1780319757
532686024
236268796
26299321
-247021839
353172808
1065277090
467950787
-155946872
-1596464334
1474590289
-845679486
-91805536
111072436
30079111
81956456
2029126881
946864902
-1507985750
807988547
-1077429381
-327500110
809587370
1053054252
1711130376
421729250
-376249123
975703706
1427791221
-1955655808
-113505616
-1330181351
-1742998583
-645577434
-469449393
1580825169
-1030090351
143805342
1315325536
-1672022182
-622080483
259528551
1607588877
1461125066
1564057897
-1952270092
1740103257
-337674260
-447794172
583804407
-1115563854
270936645
168670839
-208145766
39975270
1075881180
399510754
742014274
78825717
-2053251383
1685019645
805355662
-379238283
149737872
-1528884299
-214335813
291009740
2044643759
-1151242677
-630732625
-1538343254
-1982964977
-855353914
881101067
25868495
-1098734521
-165958514
-1562043054
87308842
-880142291
943807061
404756648
542622186
1513474409
1047577220
1762870218
859092019
1361329446
-2094479495
1249903107
-638372976
1293614542
990488382
1067446183
-1868374951
-83794289
407190676
-75404119
-826602576
775204372
54969237
316320703
1999057878
-1203692719
-2113994828
-1586113245
1557455402
-593577695
1430140016
786710362
-198957736
1734651049
686908276
910882683
1677560162
1677328334
1923175809
106989269
563736730
-1880805877
1493050981
-1988132299
1365677257
294442383
-1237406234
147139645
770184032
-1255453696
1189919761
-1301924524
16393374
30003680
-1461295896
1498138422
563261241
1879398262
-260521578
719968364
-138991883
-1922572476
-182604671
-1320279442
-476125711
783764784
248622765
2071922946
202666308
2070366597
-491236062
-178857436
87663841
667282927
2129153074
-2132794293
-651715047
-2040685290
-1547825752
1054194413
312141876
-2074391134
880583907
-1675783153
1228533234
1567047302
-2024267613
2116196942
577073613
-903088588
1044884430
2125368120
-1744921310
370837369
445352959
-1276307796
1863772483
-1078752180
948038316
811750316
255897138
-515172226
849335029
-2009257606
-455706708
-1557445920
-1028901353
-431169619
-1456899333
883270378
-1325261763
1401772708
18877880
-147400477
-214500897
-153018401
1523946997
1744478247
-1094659020
-1846559046
-1270499781
-1571684455
-656543322
1048589191
-1556890377
-1209444409
341995695
1713257000
-89363476
724803770
521506441
-1901162864
-182468211
68360715
1447146028
13751164
1096688100
255655694
48202045
1678129855
158390091
285638183
-234503595
-569342554
1647219492
-467826088
740684911
769324674
312952394
1659993677
-614112771
-346206489
-99011051
341979267
1568725223
1745912345
-675647537
-537923131
-597199077
-1466837375
381101718
424733312
-711492773
1890724475
-257105650
-43650721
378598960
676039761
1915287924
-404805579
-1977058579
1408759194
-1510533610
1446997161
-284037327
-1338727848
1387293322
-1116739914
-2082991666
-269078542
-479194268
465768830
127115689
2003733846
-1701303446
484003985
41299664
545224726
155915112
466615117
-1017872185
-1500663452
-1765187598
973706591
462606954
-670006675
-1740877620
-996965608
-1887850787
1238103658
889283707
1290468083
-606259011
1944312754
67806451
1036403625
760634092
1215276292
1138532229
-1848027037
949440212
-1101410732
1307819299
1735892508
343105948
858714469
-1393604530
441992744
1085062934
1466902774
-820738137
1322655739
-2079063898
-1891965590
-2048453865
1180763595
-824567852
676896724
-1817453690
1496556936
-2039685958
866650963
1124052012
-9640436
-120288677
760092521
1857592612
-1916514928
-712108281
-791224112
1754287910
459906161
1334855432
599378742
1227915156
-1415747408
747331135
-2107781229
2098574097
785557004
-1099046697
-1321578700
-806795380
433734735
623657083
-995476526
2007101205
1693258731
1644095081
872740662
-444835614
-709590683
-1284995550
-1749025864
393719465
-1650163179
938653495
927617968
1061874019
513515401
419407733
-738144950
502241716
-1618265840
-755996445
-590196506
-413577043
1414631570
210082622
887851776
1299576837
749326283
-1576103507
1841925624
764249578
30941510
236964210
-1344914939
1781399826
-364571511
-1893146718
1965686944
-2144526963
1005352278
-1399784373
-172619337
1225940871
1214547286
-211666005
1863861216
190698129
1328906967
-1301737170
-1407953885
-1786663160
-931327917
-1347236131
-297331162
-195433219
-789187197
187692227
-1877484028
-1060745165
93311225
-1573690169
1031188837
-1742473933
-317846171
-808604999
-184641752
498985681
1519465737
1601324881
1487111375
999936256
394736066
-535772053
69883389
-127095484
941819420
416684576
162084907
499795357
2094693153
-1914611469
-967767640
2010604990
-480487166
2086933722
136770028
-854107350
-1438915961
-101959854
2133421065
2082504022
-1892119043
-1375485872
437478865
-865084666
93687527
1848639118
485158397
-1501909622
-1469106945
-1249046709
-256384238
-983646079
-1331468209
-1961044189
-614873436
192133270
413945313
-805987493
1611694867
557091358
1879191688
-78539201
152067545
649393980
-488175822
-944125791
2069420867
1504141743
-1467818139
-1020459543
-1617369550
-2035517843
617539234
-1761833144
1995085476
1237010933
-191582662
523398987
2134694073
1284086808
1718400052
-603088646
-1740068738
-1598685743
544411699
-1033281725
-612527389
1565352790
73096432
-1347139059
-20719437
-978760787
333150531
-743349388
-1406845493
-597373687
-191703831
2053626275
955684059
-484583978
307509363
-1597854017
1211389775
1481341001
51199115
779488138
1827559365
-804787410
-1897537891
1039865600
-713980671
948764954
85276121
1717407410
-1273072423
-30464637
-830696261
779206096
1476453657
-1361714481
920693822
-1641845750
-718900017
798692080
-199448921
-1607404955
913661885
327204327
-1198691562
-1006697170
2028706290
1808485684
-1269900433
-1179836952
-276945698
-2002445535
1191418641
-443877388
-1255711184
-1391747029
-1996189829
1988123378
1072124222
543938834
-2027485773
-400417552
2059946921
1999912883
1484011288
246592235
712465015
-2134259426
625518880
1812063418
-1155794963
1294023411
-321719626
-1318719025
991567920
-1020450155
893789567
-2052448902
1778953209
1799044852
1399520286
465879002
-1285686375
-64172818
222260254
551236040
-1127807293
226090466
1388449356
-1306874683
593814066
131488299
-436615356
-1617863892
2128137568
-2009147025
1827617689
-976730401
1376632633
-1771330536
-1108241863
-967445813
-376540359
1403916546
1562413574
-1694139725
1204627894
1893858785
-190377879
602983570
1293144679
1513875673
1333371679
-1559058536
1797288388
1661694662
512098379
995835896
1660422216
1535415048
-1945207610
635037274
-1040699968
956587819
-1741464201
-160967175
-1712225799
1990536009
-1434399698
-1964827452
-1583501078
1387657058
-1783078844
79552690
1747655909
-241710872
-1676843743
1752499957
749797137
-1297869343
1281360247
-711841331
-1294359508
-1096628840
-1664710557
-437308531
-518047233
347650243
-57314551
747474952
-1873874051
-235285971
802120237
-1004299909
1277347945
-1156519411
-2016342029
880140119
-50817108
-538506902
-621382309
1063418172
-1314077903
1856975330
-1001418461
61577809
542084212
637968606
659327371
-1454091769
-1596143750
1309778612
-800312554
-1635108216
-1210882460
-688275226
-2056146496
-1678280751
-207639432
-1420125874
-130514449
-1732932264
-732802616
1798356149
1036614493
-271639413
-600646534
268814972
1504041671
-1176807759
109535849
-1454648445
-464621199
91439296
565983362
1494396225
1133241587
1432699544
-148687027
231210894
-1533145680
524808816
-1349620152
-343144170
2027773814
-810673570
1605424657
383634281
546572615
-1963559097
-506594069
-1191241071
-681679099
-1640165588
990234328
2137977468
-887925853
340697114
-1346367515
-1684740455
1632250015
605181136
56866950
1729373238
1318178708
226049249
-1289652870
1805517841
-1028738504
1915816811
-1146505800
1922811237
-302190682
-1718441977
-1592525087
-1830014561
1149346712
-1001659090
1360000157
1959938904
978052581
-593385384
-1284042662
813743050
-78463691
1397757772
-1045626855
208414334
-570996165
-917008961
-788367756
1366744564
561105723
1423535748
-315491156
-1215241162
223685330
1225717920
-882853540
1647007228
-1429105485
-431606378
-1172635409
-1043814158
-2079352664
-165836490
-662354089
1431094849
944402158
-1376549737
847086752
-1776889265
-12361628
484741008
-1232914492
-96399181
-336686355
2113612545
1482603110
1827774830
-1417390996
1983297184
1687484386
165005795
-1694476452
815415704
-852262746
1226620355
174159694
-648486785
-1487383649
1299845932
-788269542
77004490
-709797573
1945733359
-485838682
-804593727
966990848
1274705575
1245733246
783279752
1562377306
81491724
208957882
-1012800712
1840670419
-2091134725
864577927
-341734319
1819905362
889439345
-1923286435
-1560163791
-998375036
597864391
-442781907
-46379152
1159260455
1215787675
-619873315
1075067798
-1408407715
424322429
-457399643
1694313545
-1864918875
-990703289
-1271575500
-1251634216
-306175815
-996136504
-1226031789
-1788565439
-1637217687
1394181351
330636459
1521431245
1482387947
216762454
-1769538773
-729366789
-128518246
1432122644
1733982120
-2089492032
911172090
176216227
-1577920350
-1320313623
-1881636607
1968809444
-1022010166
-1751387509
1082455739
867745785
1672830302
-204708355
-2098975089
-384257253
-703662713
1145534969
-1772646087
1967508191
-1764037945
-1243733943
1862907503
561303206
-414813947
-1077304074
1846760111
476391947
-1224649752
-555284936
834006651
-2006159513
877256176
-1422014056
-1157324359
-658930662
1075050667
565797470
-1220222561
-1559981404
-667937597
-1557914408
-1273352767
-287517580
-122999618
-1214317031
856614920
1795593793
438146681
-1385831906
2051746916
238139431
1176465917
-1032614299
-441155960
604776354
-651485516
-774061429
-906156274
-2003685786
-471300426
1210003953
1632386340
1228118064
550218219
138008610
-1851684704
-1835454486
-2095786408
1284968360
-1850885603
1034216437
125918102
-1236619591
869748984
1518959830
1767158014
2045141062
515619735
-92227385
2105516018
2025123825
-104564408
-601040456
993231181
-431140087
1628633029
-928474663
-133243178
1975302154
-1538805435
-466095083
1053319221
1301309847
1451602597
2084735699
-2058668044
1339045329
-984208044
1819588267
2139015833
-1859108001
503415217
-1279389402
96186024
-1275950876
-1079496048
1902596383
-1030095921
1980892576
-1987162693
866414863
1882268945
188127626
2035216681
1109873613
-936997384
708530509
-932692733
-109922282
-1637730840
637391348
-1092510093
401116343
-964255995
-1214899778
1551787657
1735698978
1597041640
1770432100
938606180
820367527
937791341
1273248144
-1344331212
-380093706
-1745167263
-1359474947
-502245263
-229977335
-859522130
-1263747797
822045840
1564072638
1498867511
-1677010393
-2007751106
-544991405
-535240944
1501901254
566736979
-208057704
-383349339
-232472545
2043225634
-1269605406
-194346909
-954571801
-757811284
1307282660
-682958980
-1527410679
-2109534455
2064120416
-28233013
-1223524148
-1807841173
-175847120
807221765
-1052647249
-698535777
1586677177
-2024501760
1418526087
-1257951855
491503292
-1276905153
744394402
-1185119542
-1315991321
1614428005
545256865
-1136745621
-757512993
1059132882
1792520388
-1399381930
244860793
1327944003
1521810369
-1723561538
-1398699539
-1860892671
-1121645279
668001767
-1955963267
1937492538
1730008771
-1879344501
55708238
-1846708946
354098305
561399373
108823379
-1244093550
-562312190
500358028
-926878446
-2040475250
825940229
-1044123435
-1708990729
-1434039642
1148195596
-52718902
-560396420
-1947795724
-1686295105
-1995953623
-411762010
1672226521
435518262
-78784200
-901154342
-1222827679
-1668321242
173597151
2118873126
-1236491899
1387467393
-641852910
2127539168
-1743721124
-637496954
-997377874
-152116438
-1744187253
1035284604
-1049799693
867892832
1322633924
-705180961
-1541251691
2062475944
-1453432649
585989461
2079226605
-155489533
-243816957
1576693584
-23459746
-638403388
121333896
-1872924863
1075210470
-524982569
-186431223
-85673473
-678631059
-773421762
209582348
-1730350408
414924337
1824859088
-1686661001
1733243708
60837579
161097657
1846976297
-1036947300
-96082320
-181623166
-302908346
-2007498517
-2030513470
-2140485596
385978075
-1180086717
-325660236
-1946426492
1102606943
194859874
-1689099675
474299187
36816
591112897
1358069510
142466187
2119762682
2128436579
1018433215
-816335349
562960622
1731514955
-657200701
69601780
1789181226
-1419558997
-2116187915
555675421
-1195000769
-1529180833
2030716708
875735835
-863272583
-1504935452
-1328584575
-144060555
328924802
-985294013
626194581
347279705
-875930851
278615064
-335026098
874926892
1531758617
-735014311
97447958
809022077
1261177695
-378155014
-91035367
1614672409
-1701598580
172146855
1435008285
-2137690749
-219806617
-1366984730
-694785590
1102208877
1239724145
1149658204
-1484514654
1679578614
-1337699042
-1931774631
-1382987816
11891023
435256912
-2016168067
-804291218
-1096432355
1888474548
148107072
917219426
376749507
804681354
1826562679
194850656
-1304589564
1205391665
-221128997
573887617
1979497259
-487097332
-1284862678
-305531350
1177452551
-784826458
-245699421
-1084612023
-1750482474
369906034
-299345668
97593044
1100651924
-1512397101
-1195296900
556606574
1432294518
-1391832441
1212493571
-1764961488
-312189847
1394437274
-1064064367
-415701899
-1138134524
1414736575
1267104858
1752386487
-338046646
98367427
925730290
352622805
-1790215271
-1165114468
812264070
890371232
-2107089270
-1090441319
1712647128
-1699610635
201374534
67381355
-476293335
-2001832362
-1662939828
-650953910
9782382
-1981256107
52036672
-2117033792
-843799804
-266967283
-1369952738
-1414283583
-1873749267
106883540
-539514904
1621828875
-557569094
-1248711213
2131918739
949064439
-802835585
1205729233
1098284423
-528508012
-1974875460
-1613441998
-1675308913
964389540
-1245845726
665505609
1281355590
-2004303406
-253283555
-692806909
-2088187364
-1023337064
-1573240514
-827724857
-663622626
1244104187
-1582864280
-536730460
1478363761
1536251656
1286901994
730686779
-1337103497
-1802639381
-1053481596
2101797601
951775426
2060559269
-497446774
521414896
1164727539
712288888
1274054960
163572002
-1743394888
-206347683
586564476
1928396254
654704602
-717562300
494496159
-1291154957
41026091
651536140
2122503699
1757574051
-1190649205
1935761131
-659069261
1023601047
-1275899113
-714962347
2075449919
-1373086918
1328484661
-1861320465
-250552272
-1007259871
963710605
1093608089
-1658995393
1179441725
657743236
-1968029561
-130292180
77542655
542930796
-1241275588
193318524
-1056370369
1437594732
-133963908
1407936030
3140583
411435176
-1458263557
247953058
26154739
175181832
1121689881
-141404622
-1140448217
-1017531697
1033187519
-1362036519
2020969829
1302434408
1328999923
1104184614
216761662
302405875
-981660205
32362658
967128898
-430766251
-1903391102
98390499
-861526083
-194876446
861107324
1275348676
-1843122834
-448986075
2027398169
-116898461
1994756597
-289187764
393252513
-822587749
1963347369
2009533227
-2059052900
716201896
1477262184
1909809391
1095384489
1907201416
766756023
-1666576516
179015977
576505262
-198946655
841962119
1733675329
1095415473
2118444080
694294302
-359052532
2051493371
-1308934147
1002788860
473492049
-1268229682
-854223807
-2137232496
-1448005727
1418013302
633089019
1654177361
-1606727454
1308690002
996266354
-580726488
817851899
-231703979
1242518367
-1669335763
386183536
601281362
-2077855641
-635940506
1762737672
-877213334
1360788259
1979833942
-1756751814
-347549905
1930107512
-1831863604
748294651
569345271
-1921070235
452755224
-1284041931
458897562
-61827108
869990071
509880650
279508578
843478813
910246626
937947493
-36048174
910512351
294912531
-2029298183
-1951683084
300845273
-1768177068
363618048
2055147338
1116771386
8434208
791135549
112750790
-1322083639
298336834
-1492360288
-636908122
-1807073119
-1526349907
-1626439528
224862797
1660537534
1774706262
-1629639451
284873140
-1720022213
288755518
223421183
-1621106491
472812795
-532923730
-1781390684
-1462025280
-1523031796
-498392418
2008368982
-598158169
798058873
-1530247319
-1714939254
-1060186350
-1717824580
86738576
-655250185
-61428325
-1130514424
1032519478
1327505448
15488919
-230526380
-1545478466
-724828511
-104149318
1350951229
-512743973
530849642
-1564196906
1680443405
-212006910
-1072972959
-608631263
-406174386
869517536
1785104450
1435086714
-805993170
933804561
-905892669
-1972476669
-998287259
-219349811
-966413225
610874608
1917553321
-944079797
-34777307
1983651922
-1541700869
-920318015
1996130856
521046574
1686662234
1018317982
880286428
297266406
2123397932
-416525326
-1718226842
770984258
-86509197
761635363
-624130795
-1200082111
-1430602263
-961655767
-1833648784
893575189
-952000447
-1020262196
1718273834
-667814873
-1881022248
-1747170441
353478491
136479836
2013043963
566307723
-1470196586
1077781489
-1032205735
-481467855
1078946852
449121913
-1550035511
1651550381
-1311620155
-1310625603
782846256
-2137621250
-147421831
-1052201875
-80646159
-424113908
-978691386
102973306
-1497650219
-1390056794
-1600596004
-411801687
166966115
2019564221
-1519072192
910950470
-1352362487
1431712495
-182542545
1665037325
1653351183
440617620
-133737565
1332732947
755203458
-588767837
-1102634179
824376916
337225797
-128257193
-32499664
-443453241
541574253
-1914875738
316498293
-1024403144
-654855560
1262482844
2070587825
393485216
569414364
2118119965
1228122200
-510364247
-2021256690
1743456960
-1508879780
577337985
1004927614
-1589021185
-775523992
1454455059
838018330
1002764313
-1774267252
2019383605
1303509534
1330890499
-732549537
1477989668
1734426216
1456189913
-577842222
-2144553203
-113873534
-412760157
982416964
435140039
-1651572855
-872995064
661938537
594187944
279531365
-1278162867
-187868870
-134959495
-807524261
-859963763
1706570799
502258296
-1390585528
-189127712
302099573
-1926789642
-30714883
806506981
1327464306
2140183275
129900096
269800746
135957856
-282053047
764276004
177990753
-496420851
549764921
1811013195
293230601
682619523
229944042
-1340291693
-1188928547
-704505966
1315726220
691932017
-504914951
1955621323
-765085185
-1923913737
-493649044
-2086699063
1569423868
1407204573
1322362185
-1086439040
-1159265912
-245169891
287765250
-1919163329
1439698140
-125773467
464334038
-2099159106
68486360
5251455
254589127
-77378972
-319908878
1972869781
474892177
-6931140
1077750227
683437703
1439663896
220836211
1426668036
456877191
1857487475
-423140068
1289422927
1831555201
1913858464
-862441074
1559728322
-611421697
-521757603
1544098763
-777392784
-322676582
-1699288768
1462267084
-482586711
1631052169
-252739138
1312725938
-1656331626
-765755789
-824056393
2080813987
-1802034192
1443099593
2121656506
-1745456839
-200004695
159462330
1431962421
-790511712
273922220
304856119
1302974273
-629686874
1981934606
1528175123
605040071
-560272211
1081236712
-50784489
1510269884
-1942300337
-987186836
-2104584302
-670037523
-44802322
1514342471
-582781529
-1531726753
2086051354
-399855509
-1305757037
1688417779
680937603
-1664451648
152615731
879877812
-509290588
558176264
-980322414
-85263068
-1522609234
-800945228
-177515078
2080698606
1319526460
740463883
-1412243924
-972899137
-2017738277
-948816497
-189907959
-2146462671
1180021132
-1150296758
1201867939
-748908098
-1634953104
2059443100
224166316
-1597712174
-31940204
761336071
-4032898
2095420561
-1717390634
-1297611076
2121251414
1280244642
-759924927
104467156
-333518827
-1784899444
2040080021
-1118933809
-387280362
-549326113
-2130395314
1420374319
1853727829
1151075765
973381560
1365702629
475319936
-2013390796
-1280709970
-134145441
1390306207
1126972189
1406969580
-442505968
2076934691
-1685884693
-563882283
-2006214498
1723453458
1147940320
2073543497
-678474996
1580020987
1499605126
1610449509
1210136172
-1255513965
832082587
-1362209081
558212278
-2002265279
274294771
-1803293918
1748489471
-327571592
-1425416168
1857571841
-1739443341
-1790863063
1378765525
1453744534
1258283101
2103336869
604392740
-1689991699
-1825625384
1669281923
-385615
168298369
-1111966549
-1446374584
-410931752
-2062839880
-1257630439
-336119487
2039757258
1424403927
2112134120
749831217
-1279877120
1713768170
-1540706109
-270451607
-1370449807
-1018254760
1637406040
1751421257
983025029
-784764419
-459329647
-2046850250
1392945990
704257076
-283527478
927307900
-1886483563
1913893299
-1048698856
467830790
1069701263
716914019
-1002124882
1232476831
-288957031
1739171304
806073647
1195718573
725684631
-378611380
-1318156189
433454852
-794646269
-376967615
567737311
1855646156
-1808170532
-1509315953
-500485545
-408571015
1244372869
695836770
-1040804696
1343465273
1762327314
-1685309012
1695307694
-1740801726
1342307232
-123690753
800203915
-1377383106
1584302199
-791495151
-935452535
-378131008
-693603122
-1105291858
1637768559
-684403779
224739802
-341621805
980822171
1456319176
-1648658827
-516810762
-1327991398
-1929230004
-871135067
1322633783
-1137939999
827229992
-22865058
-1202447881
-1139349791
-31890899
369458551
-1966142543
920085847
-2005690273
-1137119525
-1745527853
-2128380831
-161736887
194297672
-75231852
-1057682161
-2130912740
1413554019
-903177138
-1317591223
-1394854695
-1752630526
-1729315793
-843142823
1625004300
1312585512
-432234965
336303471
1300441890
1983088682
-256000710
866295123
-1832833300
-956692397
-2135379710
1647610781
-588083413
-144457684
260398240
1193492332
-2115223604
-987466198
-1565185063
571504124
-340678944
1935408531
-1323958856
-1159509483
2000778850
-402813770
532276672
-865667381
-1011024717
-51223845
-142678060
-1727858715
-1223326928
1388553235
1358659490
-1347206218
-2043282534
1231620511
576956107
930810362
-383311159
-2062902650
-958991353
-29308472
-537404839
-807871905
-1457482587
-774460441
-382148699
-1974429247
-1684024462
1068386915
1048430322
-238782349
-1308794194
-1353564137
2079049166
-14965317
-569598696
2048425601
97062353
593758284
-955895000
693122939
1616782254
