1875172384
1424971958
-1437798379
1939476059
-1643731645
-1298520628
1735899933
1909052559
1688581130
529056451
-441589913
-1019974780
-1416374798
991540556
735823838
686382219
567781294
-294350147
1683456672
680953400
1352425593
1371365858
1224143525
-1817494934
-1631662000
-1451411281
-1956115420
380081047
1793146798
-947374170
1479570168
1466688266
-1100308795
-315566516
-1174952479
1290333631
515612451
-2100773007
330206717
-2030907544
1842729716
23401579
-2102947611
-1699357081
-633962558
-1162417577
-843623180
467025203
-1179936657
-738205748
-2143173367
570149809
617994574
-70380721
1436729670
1862057511
1406714109
-2019935316
1148785406
-1934061210
955060316
-188472401
637099621
836278112
-773243992
-2014774031
648121167
209440358
702541589
576082782
500260454
1946816708
-1725406099
-425670483
1786338112
233054899
-1959847065
841053905
772230925
531755229
798467173
2034712755
1660316729
-1732695453
-876528274
-1953327756
1051964353
231281648
-1694809810
-311049440
-1936265823
-1732692524
-1097974378
-597397401
-374055376
2132002181
-397717584
-1641571133
820869963
266769321
1170507386
1876718628
-2008234198
1096264347
1685647708
-2016459780
-1688009816
1930270944
-1786995535
1255112927
-1469765855
-540457794
-1753331477
202290906
-166576618
1482833822
-1541623249
-835893513
-850132947
-415643206
-1524897842
-1198912888
-549695045
-152099051
-446568168
-1743887198
-173645005
-1561269050
442865588
-882916013
-904146149
-1693590525
1237653662
-641307304
-2032253700
-1354820917
1530949830
-593103918
269019408
-1888271634
265618108
-295284718
-720639196
-1050415639
-228862404
188257243
-1253698592
-450284920
1541906040
51264283
-1739327114
-994335081
387161279
-2081382982
1251838621
1092402284
1022232073
197723991
1870555699
-333468648
1541619434
241931829
497752165
905452079
-1872402935
-481595621
-1953552416
811337873
1576109196
1966091447
-936717990
-1419767825
-2135353299
912300731
2031919779
-1609449122
-1672994155
-1371733371
1069770791
792419592
-937163919
1169218929
1014689654
901335528
478150807
1674522966
1382858156
-14087739
-738171130
1217453258
1077946103
1983919898
-372648903
1726746513
211392026
154227671
-1688874747
-872148173
914450699
1426777163
-705719751
-1646582458
-1252167826
867326845
-1649100485
-1336982556
711826902
14032808
1415024952
1867195032
-1519565166
1271459348
-33994558
872459650
-1201416123
467293455
113650936
-211351131
428776060
-482936677
298796153
1024059867
-1339569955
-39182005
1675207664
-1636979259
-569674170
1124851321
-313930983
1518583662
-1728363483
-390921474
1669326092
-2128087352
1775376004
-342784961
268109131
2014353356
1079049967
1761481618
566272308
874449784
1045221779
-949741078
1281058718
-901766684
-1801325912
-1986662697
-1138456816
1079499933
2049542996
-1655298745
73106325
-1887022976
863415266
55359837
1725352787
-1503844745
876624645
-1675841147
-1604200090
1659207520
1502013246
-666036481
617259786
326642721
1997444403
-1262948773
-439481095
-638340890
-1656738384
1666626827
-790405931
1287870961
284224185
1823241508
-151499486
423195187
1005410388
-1454815543
81414069
-1446909976
-1461338044
1595180902
-618927661
-1797514206
-683448037
-1164668276
283488763
1019350475
257846685
593388372
807226989
-668036798
-1386695835
-454312071
-1542450668
-1354083965
1512986612
1572837043
1632652405
-2113807342
-199577892
1829869069
-291884062
1611605701
185789335
1949121781
-1655081752
530001349
606717761
2120679738
1713366226
1889093295
2128228145
-1722670855
417614698
131706675
-2076742850
-1899381377
335776809
79020621
-599348271
955695468
-1111568755
135102343
-887697861
-862842459
-309846361
210524546
-1417197951
623206124
369925288
427376887
-214937169
2036368542
-2078519803
-1323569542
-1990859557
-2026199847
972707216
1694399119
-1633546895
1630462207
-377451916
-1795223382
53658299
1250174910
1332820664
1050343398
1835444760
-2116676069
-2042058717
-478827647
1089096044
-1338481779
1554013863
1925412832
-35000884
1387018146
773401282
1342278578
199797937
-98070972
1456944461
-1884615688
432351391
64461217
584849231
-1264508427
-2138642059
-1894509976
872920120
608423562
-2036474579
1298807117
207851084
1124310244
-1366538529
535388830
1174064026
1943461995
2097419996
-1767067055
2031502623
-851527323
-1030604098
993412254
-318030450
188938009
-1360010159
-286499214
2128154047
-145390431
1978413708
-581675710
1531860871
-1060999197
-1493707114
649478515
1277265290
680968935
-591025655
-358709901
-1289329663
-1493548681
-610196254
-7113615
-915618833
-1917206225
-298588888
-589883850
1825498137
80470169
-1047819548
-621436404
-194549055
-267446374
-1540611088
2037612980
1589949107
940212210
1462384069
1792470975
516182578
1543368844
606024678
-419419385
1773176869
-1612314156
1504827670
1073493025
-641389476
-1599256640
-1480038679
-245400147
-1760837598
-1222930544
-1802444434
1313173750
-291192699
-1721321093
-971437354
-1338629270
134989431
-822057357
-1402258739
-1347398333
-72295854
-1022909887
1040747049
1013323680
-698695332
-53736498
538630390
-836628748
78668341
1777493504
-1498014298
1086552259
1654465234
1317416789
1188752231
205186217
731834014
2018702529
-1813080631
713613584
1191011883
912767583
-720279797
-51591886
-1678141861
-1754405149
2111986797
-932183943
-663840703
-1129932039
672776350
608289501
-330040244
-95259677
1738486184
-1241857919
670263436
129044607
1793254862
-2050245404
802635517
564401327
-1215287105
-1782392482
-1847912480
-1047315407
1399277202
-1491376445
780560481
1539440745
2093688679
-200196519
