-539297587
-320040130
252322514
780336819
249337339
-625691207
-2080614847
-710687669
982737105
1102134283
1107276888
155676983
1177759201
-1847773388
1724048364
-1564067833
-85945903
311111688
-910697062
1063228736
29151154
-303397829
776251939
1203701446
-281487877
1224764455
94140265
-386579595
383298337
1826064728
-334293034
1378257430
-1349630359
1082094638
589350046
1470070065
-1548948974
605017657
-373479126
-1078597434
2010766629
-1137235912
-2016081306
1433748764
1121222876
-2039231976
-1809933092
-234882854
1108594454
624605681
