1440505848
1122932263
1260882923
1760218399
123904816
-1196592265
167569468
-1674878722
-1029584188
-2138795337
630191268
1509900641
1880438129
117514182
189379656
-621828302
-69899896
-2125472929
-262821915
1108867495
-478429735
2022425498
-1456713553
525922660
-41451610
109636100
-916412221
-825973129
1058989899
-1111469522
-2137942933
-1423727892
194128680
1809669523
321694671
1608117084
840188379
2055881933
-285371529
-1198104321
2145700523
197618726
-1275647081
2108313900
284814772
1786455495
1771602242
818839856
481976236
-352919543
-1096032597
1305493538
-1642371324
-1511247842
75565186
-1675109685
1894050597
1969059887
1589975349
854153262
1103796942
-1222315917
658471602
-1145440820
-25538123
-592959198
215359083
-1966383865
112061340
-332009578
1408514534
183463099
-2084327042
1954845139
-1378858266
738358515
862790565
-561756256
221370873
-1121424730
-148945753
83514705
-1526703779
-577852512
395339697
-461684360
-891988869
1870241926
1962073160
-140041931
2010659045
-2028141078
-713003842
-2086902807
-596396319
1724939814
-142365313
-1503818136
-1023497453
588026976
1290771275
-1910783867
-2126817811
193517636
-1749056518
-1556831559
745474834
1462180998
119764421
-1708440253
1369071523
194739604
-7650694
910793177
-1654581121
691034522
917118949
1185353656
1888184403
-2062130383
165376405
-1546390751
1369367365
271272055
728209818
58698174
-808075087
1209111548
1011151040
1435801364
-911537526
-1356544064
-788288361
-290882031
543215916
-2054204657
-764544930
1133635213
-52928087
93263421
501131716
2034805826
-2086876924
925761918
207513053
1978883629
-380010833
1803926491
1104082774
894408160
-203942106
27257181
-2131122931
-101479775
-437508508
-1899247618
-1262172857
336673822
899174618
1920281051
214245136
-1287787746
1216476721
-1981334170
-348584580
902095906
1004438755
905440762
1349370082
-590002281
1885645341
406426711
385469195
-1409646646
-1561234883
-689612329
778250378
-1217152233
-1760753343
2081385003
-2064206809
-921485603
1095408545
932434978
130946596
780827692
-1176943214
616404573
1790914598
587318003
1995458398
753964751
1363602478
1230329650
-146240903
-1091032085
600299679
-1546775054
-1632930510
578139940
-1727202290
-570530938
-1757071277
-531464762
-1945057440
1447388360
-1234745193
2109686547
629301489
193387652
-1657205965
-478991123
12405015
-819120291
-1027756723
435553907
-1281314573
-727560623
-1494288271
1189759885
1352787244
-627776222
444504502
-36042181
-913183733
-2080431204
-1173692075
-357199391
292292535
-791995053
-1878343549
-753098084
-639563857
292435179
-29777366
-319977871
1497207214
662631417
-1944536261
-95080967
-1375326391
-1271097656
317595426
1444157804
343062100
-1848599607
467385861
1510611599
1856246039
675597708
-1601880694
1621119355
718986707
-6647281
946661486
-913917106
-1493851017
-1186722546
746757750
1305484224
-112328563
-2002672205
1094058724
-1803042251
491647684
1454644401
-215912897
-2085504721
-231845619
1828340263
518127387
-1668050958
-1620603907
-1038925063
-2136309781
2032006156
-666909714
1372687749
2069758505
-1023361500
1348539378
1789338776
589026862
-2135000251
-1878375631
-1117858448
-627418613
1941250859
1581573558
1805736934
1983996263
1172375697
-1626229490
-833823857
-1443161707
299519660
1888963342
1192474248
-543790305
-1791317692
2089123029
-1043830378
-722313312
562616958
553919150
1278017230
1877144305
1922051072
1586893038
281641280
982160697
-1168031060
-1350486596
286864887
-1848437839
-1809832856
1966241980
426901679
-718711433
1728340282
1076133241
814483478
1590760573
355925512
-1892785546
-1451081186
-1718440589
-762787086
1515556278
218142151
-1179296715
-1937414833
-1477751910
-2028688938
-2022449602
1834839940
1784711881
-148892845
119775911
1388795550
607139768
1845483342
895663079
817694598
-551697554
-1636162645
495626669
-791768427
-216957100
363781599
240718182
1997963253
1920753181
1677519472
-287440097
1985487583
-488658863
-1727036536
564531216
1960336293
-1847394794
-932073168
1845114405
-1759565599
370243903
-893303413
-979053338
965250095
811505774
-831426843
444957281
-935729414
-1007348517
-2095779658
1816347034
1796397387
-710030799
495573961
-1022895786
1438994240
366117500
424138154
39262466
1177428471
-1546082279
-1262855652
1873014238
-352151867
-409286902
1913884389
-1003183003
-1875505139
-1899734654
1596645952
-21661455
-1628807776
-1311657411
-939996416
-67107352
1327223245
2104511039
1961159425
-833266396
1081973690
508930800
-28080744
1286786139
1189948679
-1298170849
285714064
-1994770545
1611604453
1725403741
-931932847
-1153061332
-1591926904
-1280343955
1722168052
198321683
-1705876156
1589674771
955716286
-2087297463
-575666190
-1550453967
-2121388788
115111695
-261310716
199400407
-1034316644
895650276
-1130505303
-1774855036
-2122570307
-816702969
-613346150
-76892418
1215368114
1962012567
214941739
1856861541
-1630488623
269928805
882924129
-66754018
1487554152
1026776465
1033209396
-1922882373
2125996807
901181612
1209244010
-967651446
-1855984651
-523647941
-1845329728
1704895293
1417249529
1337388446
-1011517336
1556349071
281446147
-2050930944
1350548960
-70335616
1895908864
-440997673
1392268166
1726607563
1628931429
406598092
1390183166
817621121
463989288
-1383274977
1718817881
814671534
1577506053
-901865596
2014207518
-1842289101
-1564513416
-1400960791
-1004427992
1991694297
-1375505515
1783886811
697908301
1412681216
-86769828
-1560993633
-1047122899
424229777
588489786
-1301929650
-1127714403
-1598703108
-2053682020
-134854887
-1224230864
-755558956
-1052489557
-379536052
207466339
-1318116118
-1210966088
1425036458
-66173107
-923007140
719360692
-358278653
-419716963
-2075207726
-1733879614
-434130163
-718375408
1425487194
976571372
-1667284383
-1600442556
-419929600
-1176703424
1635916475
-441395047
1156290928
1437669312
1902849034
-1688535926
1998140246
1654598927
-1024242484
-908771605
-1050053563
1098330688
-1224846911
-1442097703
232441825
-1428856186
-253758630
-1788794773
2012503961
-1854755282
-768909458
-1557129283
-951810453
-802051137
1450628822
-1534597400
-1657270849
1970496150
581030241
1990470653
1819886942
-1458816961
-1951305129
-1465722025
1070753708
2113480036
-1998756423
-1881678476
-854138823
268882339
-1404582263
95124149
1646830013
-215324923
-475195869
-927505726
364236018
-207780191
-427474632
-1804565157
1944932460
-11100674
-2144043569
-2118823367
1143881171
1301500858
-855601579
-1005466159
-1288481236
1399809392
414026337
-1320595780
1617411844
943800540
1893388072
1371270779
-135477167
-87287099
2051126734
161304604
179792996
1076244171
296181530
-723414676
2054042768
414789757
-327508292
-2043811120
-938128719
-1759249408
1860495252
1421075595
-305723297
2077111103
684601555
-705475640
93863812
1384865664
1926027634
1276755171
487035935
1364654267
740432927
1805983733
-1987516514
-1511535805
1271157215
-220218509
2143107319
110028144
-689401507
342099463
1946416497
1428570954
1677273453
-401109445
1731577366
649471991
-884987002
99211301
-1955596009
-1022633523
1856746631
-1465184788
1557683712
691336098
201205788
215251597
-977676514
-428186312
-747675910
1936836080
-1784820032
-1871507346
-568271986
2023156416
-1334559193
-658359563
-1810780882
-1182461641
1191763771
1860268995
2125183332
-173595721
335130049
1386919542
-1597035355
-2073264630
-1431012864
-475996464
-2098225495
912077271
1820398572
1002299393
-547247633
1928736481
204396234
-2118454124
-1945422730
-1378630715
-55727204
-876226843
-913185051
-1504672669
-2104850558
-1883067695
-764690105
-428030120
1449502858
-698783703
-230391949
866394749
-1514326031
-1441904946
881951097
970382793
890457783
-1271600304
1238529800
812295958
670713378
-807233510
1001286613
837046042
1823330430
-1098170701
-525414286
-1910733036
-570351144
-1365285379
-13589248
-1255958060
788843807
-495713061
-2082229213
286093754
1560996781
1203477689
-1507151396
-587668098
1090709929
878568409
-1818385001
1577918315
315800797
346354127
2108422076
686707628
941341203
-107462611
-288564917
1957389307
1444355375
-449166493
198895195
-539574558
-1061057496
19009831
1962903323
1649597310
2090144851
863030670
1649944460
-939763079
1537151276
310579069
939736371
-887676386
-1409124882
741679356
-359486367
2083060498
456318183
1086192545
1980899002
481889242
-1018800841
-2112050060
-1053646280
1818563753
-1388796591
861044709
329008752
2016134643
-1016123383
1341502069
-1770328267
1486567896
-149748941
384386547
-449232525
-252407156
-870364249
669591902
768163640
-202687687
393647640
1249722324
-77416057
1963762652
-2126735930
527374692
-909959806
1596348064
381548265
1751270874
519918392
7711805
-824412451
1642075736
-1480466436
323147356
1978375378
-1173649409
1283317104
-1862725991
-1331790054
1501352780
-1482764769
1024284847
2011571951
1951750076
1856694313
-341343362
-899243136
56612073
1279577207
574854301
-1917835151
-405634510
-1691739832
1168198573
500530510
-1612751141
-706957635
1487610866
1842591264
242763092
1070524750
9050224
522761987
-565249565
-1746720837
-946959928
265827692
1592205518
-1867690597
721473858
-312888742
1766840803
-249560801
1461591085
441737998
-70376136
-1327055857
787129385
1678307296
-1634293333
2096683335
1769382897
648359331
1591983575
-1923525884
1922134056
-613966962
511965804
-487952877
-657231842
-1897992050
807243863
-1178138544
868119745
-1001971664
1473442096
1011845482
-1538913592
1604505262
315581401
1818739807
2068565295
159007117
-83099288
1405581270
-147896514
124587550
1409077848
-124752748
-158121879
-1583991736
-1084559717
289615459
-123712130
-1161352702
-1285737235
-1267321422
564990001
740924600
-1167493884
-812392160
102896724
1862358620
-2076079854
1682289758
-2073799981
25484876
-1916118102
413041580
-287777596
-2005961775
-1835285067
-164836782
1649481879
1697882179
1355773260
-841970957
1578084971
1031738582
384412314
1476236169
1276428883
-1346758579
-905198894
-1928143542
760358064
-1276559965
-1023731508
-871801208
-1927067260
1986130511
-1571885372
-1301322688
1460726731
361923496
-555254146
918344409
1896302723
-1580000574
246139359
-796084719
1973439069
-1300355906
-1141037029
-53037225
-1578218636
299162886
364179357
149510009
1993473409
589321672
-1562066833
-1440234533
-1992077339
2012365339
-726774910
-1230113940
268286141
-1428237378
-1934272481
-721891946
1847683627
129625903
2132192914
536900673
-1657916252
-2028351558
-1292967114
1197222750
-491806590
-1813723811
394699622
-219874165
-1885104047
747309819
332353110
-1364318010
987539500
1771131804
-1397858319
838270162
135157525
899486085
1103173451
731260872
276480069
953496320
-764801539
1016370607
1433881977
-1833136701
822518153
-1968185903
-1039352572
92936507
397628586
479400778
191836180
1645536546
-629007773
-223623665
-10001430
-191258726
-1142809804
1349572794
719066517
-1903502295
-1491639148
1724930670
280787302
284913922
-1007831826
643863471
117752479
-2087195697
2038247015
-154958816
2108878829
1151713539
1699783472
23128969
82583396
-88582959
-1286379632
1789473538
-1429738518
-197885423
1572864810
555886148
-422193998
-897009915
-2146372956
845803886
851274392
-1324387029
1548122966
1582226209
1190079246
-2071012388
-1128321240
-534714623
1060253106
-1838852210
1773352547
1696448603
602991929
-1402030343
-242331135
139605595
-14694391
-1434727349
387335360
-505865899
-1532035168
1197775002
716422988
-1044035148
1522642822
-720791191
-1212013380
-1289261535
80682664
1071281407
-1113277317
437697359
803017120
1169619689
-1161465741
1885393070
259700780
295647162
-2082045179
-234531233
-1883949222
-2022726826
-388928027
1515396969
154588668
-1632257876
1899125595
-1397656217
458021301
1984839949
-1669798868
896690341
-165703729
444182317
1609450512
-2085454636
163968639
816898823
1149063040
-1996496777
1566778896
879934810
-350471779
1635932185
-1989504905
1645074372
-1393228889
344307826
-1591022884
-1679119958
-1941925056
417766940
642613971
605267025
-784430003
-986065995
1699160463
-519677189
-739297320
-2096828710
-948748164
-1024578577
-1154816245
-2019723452
-187778645
-1458614405
-1178714104
-128855269
-945939718
2065435004
774180585
-1109259143
-827576465
-5593
98562456
1461567888
-1558186767
1519372885
-1468617719
-677386819
-58064544
-1991933634
1547602033
1017100320
2087217837
-24692519
-1481543908
1938012884
834101840
-532000417
1734322534
1696717916
979279682
-1670906264
-1315995114
760279593
1346101150
-1201647370
1747797893
574208396
-974242160
36604066
1720278463
-875419773
1948648510
1527439175
-1748165312
-1088461800
1519206980
2048670700
-1293765537
1558617131
272669225
257737963
-2062801626
-328275096
-1637089838
-1950997191
1637984756
-2103800533
-1649083748
-1311153833
-2056945024
-1294626098
-1295306536
1957499531
1623339491
1875468526
384828132
866842655
653103062
-1736932267
697079587
-244291157
-211339446
1969370375
45476253
221561999
-626857653
711856748
-1877370685
-2085801117
-251099813
1391121662
-18312959
1382804969
1025029701
-188039077
-1811105886
-513648123
432791440
918843045
-689991074
-1145630601
336764219
-162193199
-158293713
-973625582
766020936
-12907249
990682557
-2113914985
2067407602
2066347467
-1885610777
434867352
1012613176
-388053584
1022931127
951078482
672841443
1080264709
-251667569
-312481480
-480549170
1213927778
-784560425
-1641740279
-1088951244
-566578482
1936913704
1708424120
-524753486
1624979018
2096266482
600903653
1465405433
316010903
-653486065
233345330
-1298573777
2095159516
-784542733
-935696225
812502712
-1316413848
2089793255
278487775
-1738859597
884638420
-1408642505
-1795337397
-372732478
1557116871
1769338666
1220206030
427261668
-1440332756
-665499290
-1620668503
2114423137
1776134316
-1068863572
1086594603
-1227828824
1254705513
1651733232
-896189738
1273848569
1843012753
-2101303008
298138298
-1208910714
896266845
-180904886
-995163134
757174704
1575892374
522052038
1805591085
232448788
704574906
-1379358476
-501422154
-63904006
-1804308630
-1196109506
-1582172316
259587898
1541397735
-1933897156
1328668517
-1628508421
-1292040859
2095525241
-303214445
-362453896
-21686995
-728450018
1281319927
1317765853
1044501197
-477419703
-973674333
-309710536
1867347212
-458924406
414280202
-1848670539
209036283
-886623774
-1944871506
1278032790
1898642079
1239422788
937570354
-384609275
-1984489663
523960401
68071641
1602156559
-1262548926
1587153481
-838816210
-1428196875
-2054570024
-1337766634
-835419091
2143515134
863513960
191539994
547931360
1041326979
687109443
-1095564680
1905889063
-1855960983
-96234518
-792966486
1177242634
-1833514600
96002354
-1472257483
509702479
691295430
-1872877073
-185404710
-62203163
-1920297664
-1035635188
-1770400809
-445336635
579665685
-2074215098
-978675396
-1776775329
-1605497508
1243004623
-75789703
-6392195
908196528
-1046318859
127293353
195115960
-143375231
1343206374
-288887117
803452893
-652328119
-792171150
405060685
-543000171
-1892202607
-1531346748
327826552
1073495022
1056024772
67014164
407555791
1259619778
-297591264
-1736726537
697381709
-204601518
-1856385966
-633678419
-852833129
1510156282
1750987738
1377855913
-1074096025
-853111893
580613151
-1253273999
1346752665
1607667473
-348983674
1556502589
-150789524
-1391278225
1572815307
1976618561
2003496712
23579874
-1545839213
-1180335050
1680936213
2036939962
-1612532454
1579379367
187610708
-1166927516
-241968189
-1978872764
-2065929815
2043812965
1293575442
202372860
432926033
792470929
1102040091
136314945
-984411113
1786060364
-1084152717
1195432419
-137733268
525524103
-914526888
110965402
1277528851
1316777472
-1917621384
1640990555
-559878847
-1433397532
1288809792
-549262987
-716064640
-529684788
1077231365
1114081370
1100134438
818423491
-1572473770
122061446
1377572039
-759393447
1300397193
-1470984923
1088780843
1694456716
-1459444801
-373561050
552874273
-1227657093
-860761994
1313850954
1823489152
-1342530033
-344079824
-349669006
-7470497
1255296153
602910369
-106418992
-522887889
834148811
-1052334775
-345801241
-1722368606
395373272
-1268778151
-1363080188
752927443
522623142
1668446912
-1612954891
883262540
-1595939761
-715176579
-1931835473
1163811858
-298154693
-1820294246
-1815491355
752922663
-1459279628
441568547
-718521975
-2029144668
1739484492
-501621578
282668590
-2134298165
781062764
-112064881
31283661
-1312252468
-1774810087
-1526526114
984446664
1566818620
-1060377658
-1609175979
-1773322459
-1546666767
323752714
671385927
1917778829
-1733516732
160065168
569262622
1177736691
-1873563923
1757918881
-1161062176
-1448433291
-997509468
731330740
-914295119
188030141
692515551
-896635001
-942185355
-1283232642
1818256706
2068238285
979749104
-68929546
248685346
512183897
1977268042
-648140446
777614302
1400480107
1385446620
62316064
-1646550368
-581600058
860808631
2041853055
-2036940441
-1868816141
-420700241
359176228
677637082
-878071575
-1023599070
-1313235610
-121514558
-1832121479
-1546555200
-554162169
1959746548
1854323951
-495790473
790243456
2130654204
1013299303
1577921488
2126964823
-37789690
1814074562
-1451312852
-1089837092
-181839861
-1526597556
555361789
-1982006938
-1757888758
763687346
1914326401
-1190940895
1525608424
993249569
-514655783
-246451944
1532423271
-564271358
-456159372
283210561
2066085107
481188486
-880332643
-293548006
-833242531
1504216943
-19995773
883287161
1931198957
-1343411865
-2043813157
-1352595381
-1820384819
1164113528
-1761634015
-296905275
1686806086
388070898
-975300290
1045266841
1552563725
1500280661
1179071923
1678557905
1149958992
-808141365
-1438743582
613063926
2100355539
1833214469
2079523370
-1168179432
-1970091825
-306009821
-1900850227
1752930736
1699673628
-744298564
794463451
1372111884
1914375871
-738842886
-448331998
-2016427322
-368140089
-1481414570
-1134276899
448116365
1576163153
-749383533
-206133990
1545255143
-990594018
-910635066
-78272551
213482659
1279732141
1658030933
1356786321
-617880617
-1242117058
1990025415
-1479407860
989432728
-535400104
-314691722
783391237
1442625697
-928503543
1583481107
-1379965728
-659814480
-2069873812
-896345842
571889224
-221760730
773402788
434968635
-1784002719
298615766
-11165775
-456781235
-1973214411
-171194184
-1782454886
-1038414917
-369025647
527528633
1167126232
1472182289
1041351107
582319778
645421936
-441610619
-83673330
-395315745
184892401
761736089
-727009443
347892934
1108993047
1914984524
135427263
53802532
486034709
-1025732877
-1530846932
-193811467
1539481990
406360411
-1810141971
394464784
-460695496
230589832
-730958183
379102805
832705512
1821279588
-1979360377
-1408645936
1470185513
-1206959172
-1105877547
-292043790
-1353887379
-515913608
-378046109
251775069
-1850460404
2050381284
2015346901
1289882857
-1124243804
1228682611
1655256743
-565172303
-1810378557
-1739122958
-853914232
-389176525
1334782342
-506488454
-1838944471
1089348833
-757700797
1986697158
-1003934648
491420818
1765082971
112083161
130268997
-1907480684
579350410
-399119252
469391765
-1887742993
-531526871
-2051448319
1614915902
1817631193
118786653
-1519962238
922663051
120308820
-430014486
864573912
2065710066
-506221972
-1356232368
1851145307
-1484017964
-1158594344
1747765702
-1786115115
-515926329
-1803517656
57910546
1053874600
-220368982
2093170672
1176460896
611674250
-1889778792
1102909150
-1490933444
1923956937
982257165
-798607487
-1079114542
-1297097867
-48595315
-417886679
1385061208
420717561
659078373
825699188
-1231679223
-598390889
1825430985
-719359329
-256224974
-1235742572
1817867756
-918315665
494759151
84817487
-266579441
1997330180
1551037204
-50445887
-890431722
1253100146
655869366
402594148
-414173378
665953921
1618973354
1992108052
-2101984981
481425130
299223450
1752218260
-1259884382
-336973324
-757359095
1285311706
-706401756
-270196431
-1135089597
-2127831593
390692622
-1278913746
-856104277
201809034
664135596
1422319158
683486159
563771737
-1180760037
259231361
242233981
1779105880
1907984449
-2651535
1297586600
1301168955
-1807140932
-1139190246
169516507
-1056819065
-1636056468
-645316930
1655488905
-1043071065
-1709258560
1145509165
237851164
-2095233738
-1431142192
-1087558466
-1377899630
2058933543
-1271514903
-905172824
1004048123
742688229
-969537918
704313193
374936755
1785621574
-130073263
-134382232
1970514797
-2046138495
798812928
-1422459019
1734262812
1657862451
-1364715057
139616722
1086698709
259160828
-1251192507
580378767
774697503
-360629667
915267577
2040495905
489253181
-551836182
-342936259
86164362
2010376159
1068264181
-1646071483
-312885544
1718567744
47897688
-1721208024
-1220934450
-304815213
813182180
1953107447
1338227118
-1796394756
-379919117
1827997783
-218109961
-585293559
861153602
805875679
72927250
-365953861
-1218497894
-49809544
-2128012801
66438010
-2135126010
639032554
1218072125
563425508
1421816920
-870335427
632317627
-980128595
1404311454
-1170334589
1658980254
1299805257
584274894
1185869838
-1495505451
-676392990
1292794881
883119100
-394143525
167509482
1584631420
1374186925
-2050450038
-435139194
-1037299793
-1867504163
-100874757
-937754322
895508826
1487259228
1671475877
810684106
-200581553
1876845636
-1267702714
1196293463
-1888092839
-380743252
-798993146
1854431821
526769482
1253139865
1337787521
1006737867
728423245
-1289617022
1731002021
-83085689
1473420358
1545814600
370386662
-899090817
-1691723107
526985956
-1739946138
1327869841
-299619875
-1272105629
2082647665
-341500351
-1351537863
-292038338
484855519
1662926265
-900317438
-187188783
-372210592
1939265227
-1125315270
67121219
-1430868426
-51884167
-1302002164
906552433
-2142117519
1442778859
-910262587
-1917390841
1933118476
-751596705
2145012877
159878352
2053400563
-952379721
-246379399
-1451954493
1695708534
-511161946
-200099980
2027952081
-581847049
1187282006
-1378201138
-155750811
984624345
-1891489924
1613576525
-316381065
140884877
748917142
-1037616727
302745474
-998696916
-875913548
-2023309010
-1153313819
1383810041
-1699116526
122128388
223273244
-247505939
-494713197
-544346096
1502002117
-4053322
704282180
644807189
661609812
-1508966308
-1991630893
1268706487
-1522173409
-1062864945
1007258530
-965752386
-1493839772
131310970
682267285
-1930954503
-1520174951
1189512925
-809280129
1281160243
-814406687
285257365
1211755240
-1742765105
2066887837
-1901297275
1533902579
-1310970084
-2068238315
1777412796
-710561639
986776108
637407927
-1771188255
-1839572516
-368430338
2130576898
147328411
2074743799
-71374653
895216316
5218530
1331332995
-1991188619
-1930398598
-754003790
1171885788
-689869613
-1398542850
417516689
502820523
965832847
312710496
-1543667979
-1003603432
-1308576594
-1045980427
2144740535
-425795632
1577922953
221867399
-983764799
1453924696
1944907393
1016942403
1284915143
50849254
-1621910842
-444276037
1363110493
-234502182
-739000288
-1608464104
-671705111
-1737365110
-186065780
-956560482
-1531043006
-1005932295
1396858596
-1970235845
1435968721
1478109784
-1247514600
-1010491084
-2034881930
896186464
443664990
-1128180118
40729431
-1385779282
839020071
949200246
1149399002
1837436808
925549467
-1462732181
-2145394683
-255429661
1913933370
589619799
1601064955
-1392559003
-1998704021
1978377620
652964139
-1737639557
1576106380
1071563099
1089567569
-1529218648
1502069536
1042556883
-1871960820
-1957108684
2117996008
-563733091
-561260509
1247489670
973508296
2008445110
-1718563670
-1581224674
43972425
-1584713526
-326132631
1297865110
267123180
-1483233035
1577379760
-1487413831
-1875071734
903422240
-591969405
-104637351
-344564184
1798673877
1556839340
-2140892442
1652702513
-1779687206
-355644454
1567686835
-1548256934
673651389
577155535
1197869515
-1885936328
18106006
-1949998429
-1393636164
585028118
-1916009357
-521680985
-290789847
-194439081
965230393
13155090
516910716
439205249
1602175469
-1196948838
-736845451
2076293222
2040983280
676167053
-1824176197
297289600
-772519065
-2056602469
961907429
-96539755
1299766669
-1786810666
1238952403
-255620691
-83861434
-839091425
-771810983
1995887688
310516338
1483770014
1881069659
259041725
1391473842
-1091824127
253057903
-577615169
191932009
-60385014
1773896470
-1628343788
58094870
462671332
663833903
1179750028
460914581
1577359067
1590539706
1502696584
521361796
-1112177737
1214905566
-608246440
808738654
1050079257
549735496
1144835348
1271890410
-787318682
-244612201
1627291302
1871463841
-556679735
666692689
-176945047
1026858160
-995077090
-1578870592
1159616709
1569390693
-2129112291
-1968268435
816637316
930692233
158174257
-1951487263
1964769469
-819547200
-379138905
800297162
352796907
1216785440
-1447299379
409558714
-799515268
-2034689507
-1073568799
-611990200
139330421
-2056399974
-1282504157
-1886593573
-964939827
-1657202618
-2100748432
1497803561
-1294943581
697440785
-415145930
180167828
1895040998
1361606578
1691683770
543614156
-1230512382
-546056133
1627668291
1040581548
1236727280
-387205497
-484251946
1138720566
1750388176
-834773192
2066586014
776911364
201617762
-1175544478
558674972
-221684631
1123248565
1468183389
-714506357
1318022595
-2075316616
1430797503
-1383630848
1973961156
538362879
1755564068
811853478
1696780241
234596606
89283549
267034758
-208222577
460492529
1719467243
1253029392
964157819
-86103979
-584345255
297378103
1785853458
1801801243
-258299761
1953500799
-1357122019
715905187
1680996424
-1955976238
1775602535
895221725
1496108593
1214473233
1380783443
-1097524180
-1558040250
573978092
-1657813576
-1518491865
842539010
1532554070
974345149
-917011562
-1618476066
2022907900
-1607357982
1598165143
1992817424
1541399658
880205580
-408649236
1442368264
734938134
-2087977889
81094502
1733814504
-738643941
1311115183
-1382953838
-388074349
-654551962
1821302397
96790652
180627044
326520338
-1834758111
-1200816708
1877785139
-1667645447
-647547336
-1696939742
971897065
123577937
112208937
295273158
1258587270
-1004593360
-1145436710
574329952
383982570
-1402514526
1545791743
-298013438
1447604220
-271787084
638969255
1608224192
-1656668108
388995683
118493838
-1225774472
1530584740
-344857786
1086030093
-1125834655
-667392366
735728711
2035979419
-529543631
411554692
-420799010
749199614
2136769675
-1828296821
-38421292
1536240800
1312649617
1129825447
-1476607770
-1169097701
376547406
-1458244564
1176078575
1533487375
-1399383478
-1736706055
1084696427
-1641739273
-20289182
-924340634
-1628663006
136067350
1968151493
12638355
-866473192
-1268400789
-1040392010
-1902351139
-558121188
-247811746
2011981459
531280490
91872703
1441405952
-1127050482
-1270320984
-1181372248
-366880883
-1425097493
-1311835193
25451491
1731378912
939093697
-1467909929
963061425
304102277
1847667872
-1407560562
-373786916
-993593435
3724381
949868802
1901578187
932253949
1058192770
1613562253
327703400
-394457260
722926937
483178997
156730375
-2144887506
2034531686
-1540810643
-440771574
-1502999738
-767328485
-90401430
-1383748325
1801301008
261161433
-32565538
1938518263
1517235712
581350279
1559945080
236094031
259100187
-990977691
2086921466
637240603
-1942803642
-1964711753
-2013359168
734657221
1802581849
-465809885
-1445431210
1875319556
-918355425
677325913
1044246142
-1235719977
1607106623
-99382093
-1606569680
280088677
-1352741338
-205326480
165030366
1776097449
-1221130209
787602398
2067040026
785221166
-1757627428
-1026137842
1604117083
-1540903594
836262991
1230641104
1747013761
309152568
1100822621
1040984704
-1885037085
1120842503
147900246
1526252409
-1035694318
-660270501
1209427094
302917174
-1453822070
-908082345
-1182823969
-1096699442
1303875144
-849750217
-375704412
1354194938
-303838563
1178572646
816810568
-1576974958
1105660289
1011196912
1044604690
-172025031
1734366143
1753685581
-1048229136
2007703359
-866087756
382824191
-141366453
1222039346
755318870
-846126366
-873099316
1468292399
284962260
-1055653870
-1787621384
69792533
228915738
-990297391
-1575888688
280529396
-146916543
979948993
-853078440
-1429978535
115651585
1714370829
1353735161
-1968723244
288235653
-848493165
-2046477829
1910017194
-1615889075
591776297
355520092
591024454
-1092524476
-1134567655
-67865661
1414341375
840809148
654636198
-1503185735
2133804929
-385657468
-1067219180
-1292018706
299388198
638711429
-1114663905
1949934641
-1868903473
-1906863126
-1630515924
-767387627
178891142
-432021289
632319474
806863385
-1498692899
-1022075776
-2077867004
100618514
-628863852
1861850438
1262260721
-1736524918
-1469332700
-1010970703
2004720343
1266251584
-1297734256
1026756475
950238353
62610730
-576266074
1808299273
-902209985
87173026
-1354619427
-1485391043
-1810776160
1190840501
-1048951910
307272945
-1407911018
1117192356
1805526399
2087310734
-2021916437
-692925056
-1068204869
-551611162
1714867322
1781242631
-93263419
672926432
1566827170
-1572449837
1325115059
1969726228
1713652249
-2129272013
-505335355
212672581
1973726248
-1971497717
-2106309566
-639710740
-2078885389
-637276484
402666101
1473930588
2048498643
-511980449
-69166635
-612436655
-759030646
-1719960253
1581987893
1280266035
1806334816
1659870008
-74295359
-458660704
-317496562
-241706872
-993159365
-239677861
-1583393096
1840598186
789356812
537731238
-1754440497
-1599237509
1524497228
161603583
-2111269783
-578712247
-225433837
-46426460
2027526108
-1646060094
-2095274722
885455140
-896603817
-792059029
-2041301624
39768732
791635422
1226978392
389662577
-1575310930
-1187944455
-428008857
-1625278104
-119137243
-1501073108
-1714154273
956874733
12422022
-2041310362
2000983237
975073485
-882907133
-1822649697
-511173392
-1959800942
-1375146687
-970505565
1421984229
-2029302390
-1625026993
-484944626
1955527666
893835597
-511437689
152264341
1317915791
-1079172882
123559693
1936339241
1146749989
740412505
95045916
-23520697
945119190
-1405389501
1993880956
612333752
-2111789413
162000831
-447805700
-1234809895
1783532064
2101552872
2109258606
1458469214
-608074046
-609174293
-761793919
-904496895
-1825264157
-1131112081
-1005856289
-515070859
685944529
-1370960475
-815177443
635369098
2028847611
-647493897
1998081778
-2029634423
-1879425029
-13551049
-662316881
117920471
-810391253
-1360102050
-2086883438
-205609308
1646447614
1730539596
601073968
1830264449
-1286455771
1395296678
1220913968
1073244598
-1641095139
-325045550
-1590866126
1340219443
1871706174
1153012853
-1744734026
1048639269
107142608
735566781
-764181690
555757120
-2141575397
-221673983
-830191502
-694703998
1619726825
-2118304811
-577046745
-1176803459
-1474011953
695558813
470998323
-1618784234
1919539393
117639612
1007235423
699489824
-1559966489
1304206840
-1562704503
2134149758
-671293399
317770073
2068835674
-1949587301
-2103164382
61905469
-1728924059
906709440
-644775660
-1292588882
1926592167
225045928
1081214338
865681582
-1260354936
1749836506
273297307
1597315735
382498870
-1090677250
-976120888
1583630253
-384928872
-680916150
1454279193
625785880
-1179564662
723443937
-443196275
-1069435754
555177611
1349895954
304103546
419329103
-1504770296
2046915591
-959994278
549533315
-991589355
-46755434
-714654323
2130949892
592757774
-1216430305
-1918840328
840348372
-648358992
1527452984
-1956860455
2067515407
-1731826642
-1926254016
-1286538776
-1534753176
-1014258305
-1390879077
1040791873
1666821344
-1775488957
1180540226
1372855970
672120166
-2016369745
-2005877717
-1219452456
-398400701
-1189032921
-142739114
1106277290
-1827997414
670272743
-1250129444
-492454416
-329508834
-1285806708
1456026026
1400293106
-1120787549
-1930912977
-991701910
1753025292
-1597060747
2033759125
1702262477
-452758157
-899382051
-523661324
1120348965
-1494480754
-830097647
2100641584
-276811361
89084306
1679489864
-1392252240
-1351671054
-1024080638
1057571395
464534418
-350312374
901077869
-161488397
-429223462
-1109776758
1622227140
-2146068801
180291340
-802596525
2098094078
87889683
-1018461534
-1895541679
952395370
1496666779
885858039
1673510888
733125106
-631867077
-948216589
-1409518491
112456256
-175569567
1304414253
686533744
-24203772
536550277
-962575048
440832382
925864045
2019239840
-270984986
183099400
1203788356
1651011124
82208593
-2122553492
-2107950925
-1367207611
1738243094
-1588681649
-1926823678
-1506969787
1661841336
1268026917
-125442619
-268540275
1709924711
-721776158
-1870720821
1404247926
1641376556
162112338
1511312421
41237318
-2003688060
851013012
210884743
1467167417
-996902227
-1478001446
954917013
-182197689
-2006488577
-345260057
904873732
-1569545019
1735897561
8694010
-202158671
879919229
-1523457585
1688129428
-264379591
1155841540
530618780
-644264587
-663760883
-354350659
869311395
168147179
-583831879
103112763
-2110735821
-1733420457
-1039810907
2028700535
-1667466343
-1429824019
-991470511
1982048014
2095968660
1202413811
-826181984
-1576481849
418147207
-1486304892
1786493671
790157763
-552636237
-2000224893
-2054615402
-979080552
-634918726
1025712032
338175163
-2111279227
-391233744
967335252
-1718615979
-985353680
-1106919886
1467123974
257720879
-1752066933
-911922383
887636739
2025136505
-498077375
-1282278225
-1363118601
8064637
-552981893
-1094294942
-768115560
638253009
135336062
-1496901398
1114498813
-1052185307
216783745
-279471324
-208462481
-407398356
1123515316
-1425731195
-392808191
-993142398
82123866
680283493
-198720372
-1888173609
1785458443
891016298
30269808
1244786528
-1141520388
1146808974
1918770700
271917526
-2137315455
1722156948
216031854
1239486665
646628023
-1230646479
767986705
648221458
716760906
768454668
179246479
603934905
1640654266
1903015950
-1077238282
79660612
1513442720
-1325147699
-848208248
1561455363
-641968169
1467661446
-1705652707
168939550
-918539663
-1631957490
-684592758
500283023
1940668550
-1199016208
-1169738086
-1126413096
-1674813281
1644650527
92033454
184349750
2138923587
325442810
423238851
-1013406527
46345853
-649078389
220955496
-1412620244
2008692233
261890808
885205643
1043005957
-1647294913
-741565706
1953752362
1334064764
-1253956084
-1611245668
912848035
-817045240
966535364
-1437496672
-1996448901
1571686733
1611562525
1087888634
202734722
823575792
234052998
-1911000361
1046020690
255933369
-1081532474
-1895647071
-534916947
1432971887
811105646
1935613239
1872499166
1097472331
-891808200
477090791
1706983621
1971157169
-475583327
779584473
-13328882
-455562385
-53995232
1912819776
1703305676
-758194992
-1608727425
-1693621069
334799979
-616102974
1195036004
1192379458
-965769429
-1490546719
-343389128
299203915
647988497
2129355299
1442438567
1529424793
1761084235
-1682660126
-538162457
-1224056676
480058368
-1869939924
-1274595671
-971163986
-288884465
-767148596
-1995348354
261208429
2079726287
-375759081
733289619
1091475242
-1324437111
256324767
-358257412
-1190410538
1774676788
-1609305127
1479399810
-618785987
1697925413
524059986
-1955186983
-1663293434
178422033
-1308353624
831023360
1390726983
358577006
-2081877799
-885878447
-1002820591
-1192812467
55759367
-336428569
1201805088
-598683525
-1858133245
1170536951
1218545332
1828794134
747354279
1579009677
-1434220466
1001320860
-253523052
1184383873
2087781761
-142210750
1199059341
-735669440
-687207634
370181638
1399863147
-837701125
1048727867
-1419722380
-1932094204
2069538962
1147966113
-104149450
-1599786895
1490151667
1394198518
-2030135841
-141478227
-1932765021
-916212094
1246353433
-231180709
-1157171204
-1584369462
2089475727
457100055
1339017895
-1014047618
1671830985
-219495787
1288076750
-1294306500
-1323529044
1169969906
2112113725
-1079379645
-1563918276
-1609428802
-442909163
1918034818
330961425
-1684896306
-1221948714
1694477279
877750747
75799747
641787920
1164484867
-217769593
-186354567
1584703097
-165848299
-577208382
377494136
1724685202
-613398671
739390284
-1465580428
-554025334
-1696719915
-882637951
1707557057
1823201300
-1103218370
-1147176332
-2132254319
-802378964
694595589
-1766942933
-1952896362
325129637
-389420395
875047461
760938583
1901591749
-750493784
1739035179
-321297115
172971372
-2139030668
834626310
-1927405672
1665160654
1457753843
-1415485329
612558536
1301206678
2108136953
1982423083
-1466233167
406617384
1381666178
1613278209
625014656
-1500229664
298435320
-1452209509
1896054144
-1026915579
1426100204
1368245916
1189800525
1758138832
-819293196
-144910482
1467291327
-2051193322
1151057865
2099611788
960339828
96156805
1625939971
314776389
-1787953588
-1673263951
-1610917732
1752081995
1642149376
611088846
-1054649836
660044580
426331129
-1414005522
1595925431
1169593633
-1549827702
-888136162
97441855
-1038024222
1016558254
-1981594920
1539297748
-448303775
1454662241
-297637769
-627461963
1191628457
-1967902963
482731712
-653774186
1763701293
-1054219441
-1812190974
-1397659683
-1561685332
-1565501599
-1440180510
1177387332
1898860902
1546332453
1635150298
-1805850766
-661365259
1746622359
-1729610063
-1326315550
-363373062
-1764438735
-1588722410
-336175280
-1430649103
-1276235510
-5792783
-1302223564
600801026
1397028119
-1894099716
1696047156
673796542
491417529
606855415
694929044
-400577609
-1811946128
1841550237
-586274376
-1792248251
772988970
-611987164
1138115183
1644140065
624674416
-2050319016
1545529137
1108171531
376310814
1310096084
-1791358872
401809704
1279899239
-1353746657
-127379776
560839434
1696998268
-379844705
-1866595603
1229504961
-967932762
53757385
1467952312
-1089766575
-1688050204
1544524801
1694540420
-46643778
-1878387130
-1603296580
1844910761
-1853778330
-1994998009
-1314494148
578563287
300378705
-1770541862
-327792175
-1732456404
-2046727538
498008008
-372253432
-1537978185
1830265719
423369512
126253837
1748265405
204577922
1027959236
-1541063578
-1419268078
699420895
-1679120594
542468749
-1072754699
1077779297
-1591994370
1453964644
708380101
2058269074
-1141477823
1127584573
-1142739162
1157047531
721517357
-1030782956
312590104
559265215
-1512690656
799496139
652723127
-519348867
845051458
144040683
605282141
1275774327
1580476984
662687786
588741113
1022554163
131417154
965782913
-1680748289
-419617077
390195462
718645470
593178354
2067627295
771275985
1193558772
1251957666
568598440
-1605152388
120360435
934817116
2044917904
2116391975
796137630
-1719211043
1790385550
387672563
-1565965779
-243281165
-1829557437
-1158995606
62054562
709970160
891921440
-2089527701
191867943
650963173
1553815646
-495286717
1860982191
-1818498749
-322049098
265155134
-2116481458
547813334
121607610
-1355986121
2011096405
-1009192267
-2023954402
-1766779684
-2133679683
-301469679
-2113824017
-2147117470
981083704
-2120572509
-986783284
-512302344
-1255693252
422544032
1280797165
-6124815
-1714327104
1594234047
366665323
-1717459548
-1722434167
-32365175
1304210998
-608153276
1081287768
-308639750
367690294
1344112367
542901264
-2139196449
471038639
1038136640
1500298900
-238243945
-1697621277
-2120914759
557093969
1321003676
-223436926
1746895060
2034674299
-2015071397
593522867
1749129468
1019837790
567759811
-113819964
-413845187
-1255378723
102707826
1353228877
2010826749
-294326883
800374481
-516218186
-1474175211
-889816895
274734885
-239999166
1307146916
-1334543748
-1509109438
-1536106393
-237412609
-1823865991
1987879064
-1899492228
1529820422
77407970
-777992522
629666697
1639389231
-2098278009
403255741
1542216383
1794367081
314584231
1234933609
763511810
-569100082
-1586894988
-1444937146
-183244513
1515109068
-493585526
969652951
353422131
1686975564
-1937153571
1330995107
2138149372
183534312
1745096348
1040739561
-401986742
-1072403810
-1724638707
417423339
-1116372191
-196070027
-1875956684
37571697
1990848246
105809025
1964495908
-211187671
1017578397
-932614809
1530676363
242386647
334146502
-1572790559
-980636528
2137507877
334426596
1690429747
-269547264
193188820
-693360117
-500986842
-791703546
1800779653
-922062985
1498450239
-196499977
-289618562
-752445792
-2098818356
-212543272
2001184082
-988194870
-953068365
-546940798
-503924745
-1493070106
268233695
1217046645
468602842
1619173865
1223019769
-219369320
246494959
679876396
-406332973
-1589935413
696467361
877776258
448577733
1867849631
1662318950
-918705278
-821586265
-1444530076
-1491114726
2005782883
1809208665
-377044481
515870962
-1805589269
310934823
1220555953
227769914
-1891891261
-1105553350
2127947155
-1510099771
1730255487
-495218701
-360007901
1418535396
304359120
2044501707
-1388934336
-598754503
-125222063
-1391524535
-136137564
-2123018795
1272538462
1082067519
1568659232
684656609
391784271
-786774923
1422711615
1664996798
1669204202
-577764986
-283074483
-2139069331
399744708
813042945
-163450100
-775116339
-1986271570
1273678112
767404651
2108167277
1375860548
-1267678979
-436569349
782660181
2100708942
224730869
339334667
-698711434
-1009650046
-340247719
-1008204431
2097964677
658624044
-142528860
-325445137
-524867041
-224927481
-1246749584
1179631843
118666778
-746605875
-1695202995
1973877551
-424501403
-2143137113
-476040110
1293278448
-397297135
306865865
-1560429407
-704557481
-1222030579
-1010672194
1601739097
-632860658
417572492
741616272
-1074836222
-1815163593
-648035973
-6773220
1157643213
-179488631
-1399559025
1962480180
-188726835
-924649393
-78721400
-1188895727
-888673094
659680142
570435212
1814258516
442472128
857121077
1793327315
-398726826
621116562
-1578402090
1125118533
-1225123101
1081289136
1870938767
-814816925
17782392
-225408089
-1805171247
-61098227
443897544
-38168480
-97633397
565820257
-754706304
2104590598
-815929976
2110556985
-1600377233
-1066787572
144621427
-25725439
881293201
1646757181
1234799448
728884398
-842231949
269104125
1613444780
-901229088
-207786928
1453128667
784059318
201248337
-1002966621
505982207
1699225897
1454132009
-1348229554
925484098
-1631692463
1998854488
77735063
1718569939
1590580378
-308883956
1829945061
97550238
-131509798
-1759496357
-128698703
1438246154
191309417
-732669784
-832220949
1598642747
-1327928392
-19208079
-2034901903
-1487669637
-850439407
1580023782
1856169097
1453657214
1908188632
558006492
-2061730986
-594787626
-1883848726
-303409847
2050602879
-939008484
289172676
-1678690778
-93480205
-456245049
-1211641094
-684253898
802579765
2092285903
1886256965
210518188
-1053812844
897850817
-1124787895
-502917916
-1997263005
-984686686
-18121512
-1611350360
1120285057
338875051
2054684133
-247142421
122903116
2021597808
479956850
-1348150763
-942941407
-1050301054
-1886736123
-1693214128
-232938750
-1128599834
-863475087
-1170107292
-1738922653
-120544256
837803618
1341983552
-82678661
1129799963
793102096
-1484502635
-1390274784
515896388
1450494117
2127725781
1515320628
684805295
1245839980
-156737387
-2131699058
1825825216
-554108659
-967765491
991473631
-91197867
-960912581
-490996397
-388378440
-1951633654
-1091606454
1599214778
1533269649
-1179893603
-1153229132
-21512058
-327209853
2146415300
1445102227
1021089936
-1443611968
446681511
1412555442
2136262168
1790683213
1927339677
-1001416972
736518398
-1765768547
-509272698
-1501068223
1293474097
-869117253
1020829209
390236851
562317844
460839324
-782437387
-1774666214
-1061627237
574546746
1543917789
1874760937
672878342
568642146
707891030
-482918130
591958269
-1827148562
-1568585280
-2113211171
2076879164
1093909558
1446425041
-1288718474
-579154812
-1337286897
1531848900
1038069277
-94755301
-735750622
405311815
1443233996
940898275
981848493
1093156692
-1098927219
-1535612797
544829546
-443590720
1542577213
-1267244563
-566101415
1506708290
-481688520
-181532159
1958877414
-1743691857
149569100
-2044341440
221479761
871273808
-63394126
944574428
-717103013
-286992804
1255842546
-1778238656
742340309
-40058299
1987237004
1850026446
696634910
1537350900
-1478915754
353724542
1370726716
-713855322
39494847
-805729400
684235039
-682972928
-667084233
-2019017543
-317394820
313216554
-2058606597
1880387508
-1547992183
-729912935
679844226
1291424686
-1876701925
-997297896
-1620951263
1382973269
-1665187185
466505509
851504488
2071993864
-1402768254
1537334324
-36635989
-1016619948
1641764737
-1992674396
-1431112880
1059015436
-556417515
-300467522
894483081
1432961496
-106153956
-53737247
1433606977
-447900024
-87294870
1721624721
1678111312
-791535299
-798120391
-1760259042
-1821254705
-1705036347
-1797538449
125222818
506770044
1044318329
-1402578435
119147467
1494862634
951876581
-700593755
1084816934
569048557
-1708316477
1258912640
-28348569
1018549337
121170187
-124975741
771730115
1663029777
507783245
1501609460
-166129581
1556446636
-2975818
-655360626
623510544
1225154548
-343946817
1313160810
1895129857
-331029819
201836712
800269501
-7165052
-1550965470
1862784231
-2053530112
515357815
296723883
-722282003
1510468826
1985536434
629788482
-553875532
-983379684
-1959178018
-1534815243
-370984352
-963657781
356577422
355810336
-651864726
194233856
26115645
2097881167
765591487
1158836764
766572618
280418273
93445822
-1271670786
-1225947940
-449260954
-815664062
-698614107
1899399043
695242251
-2067773844
523183471
596763124
-1177225702
2049558445
1230826565
-747184122
-289594010
1893622483
1493122201
-2035117776
-1190022928
-832194204
623620484
-1288408100
2145203054
-1806507370
622495967
-113518289
1807390003
-1018610710
1603459122
-1709359861
-584204325
-987230323
-429168065
-1318999696
434175183
524061456
35819334
-519025011
200577633
1811139947
-1110353243
-71169284
-1778061954
-96479992
-408053427
-1015874729
1964684808
-758601867
794230841
2118029452
1265758658
83500267
-1136472001
-453649302
1129516012
-84754178
-1179882168
-829592237
-1248577040
1636335686
-1563990258
674004968
-616439576
73190812
504201638
1278976938
1281058470
689149886
-1639943317
1969785900
2131665541
928963366
1441257995
281141165
103763218
-1043686000
-913481851
509568382
265584200
-174132886
1446396946
-374778040
1314730187
-574061983
-654172090
921311670
327579684
-1245029086
142434150
-399332263
779556270
1118840825
-667492114
1388334448
418860496
733825530
1015829053
-22272192
-310973555
176572526
176154662
-119993902
-1560458710
-341122070
-649901483
1856542052
1970711220
-1159040732
-1491733530
-1784908073
-1954717540
1781958450
1093363086
-710454975
-158622165
1080058680
-316350862
1913371565
1527128522
1529918322
-1535893916
708592076
250233254
1950304483
858799808
1192593547
161600149
-1197589032
-418293392
1291909214
-549677596
-187625323
1348561311
1757142851
1601100951
-470626154
1113386715
1296578398
1721532676
51803275
-2002002248
239187738
425477175
-1662305597
1618035825
1042942404
-1089224091
51070274
-821384324
1107940871
-621921253
581196500
-1563883521
1457274227
2111195390
180703647
1934051146
1881130307
-2089449290
-1221029620
650315433
2002376548
-1346505062
-2032759263
-1518580033
196084824
2079242804
-1276681491
-43066021
-1955129828
-1564174290
-1285422322
576460195
-545646955
109953313
2077604030
-1648172517
1072105924
1596067619
282528455
673091888
1032537895
-49033914
1589498567
1832352652
-2056559404
-886855506
1278892303
-2115184659
-119592432
-1800324562
241189992
-661404952
104973224
-1135882648
2109885867
-765665935
-1013021142
-522395758
-1258830363
960242373
1299397671
138257692
1371827728
516004080
245905307
190930581
1041806749
-615178914
-238025486
-370733180
-1792514963
-1546770941
-1547338424
-1915935373
-2075873541
-51650456
-104174012
-1958401179
2036172777
-1853231390
2036423218
-852526808
-196638394
935561407
-1714765885
85049549
-261264405
61151979
17939779
820695785
981001913
-976721938
1801281266
-2033278119
-179297761
-1635368308
1414731694
666588088
-333061815
1093034793
997415019
326034989
-875205973
-1509649126
-2063797662
1232226805
670217734
2046396993
1480498172
-1500224017
-1603755081
676649462
1862680475
1553709632
408675111
-1943215318
350636094
-925011442
-772646430
969622292
-1392313436
-187641838
-889485616
710701021
-23933251
-224396582
-1832027959
-1627080343
1709333187
319805963
1376349680
1237715409
1248400820
-1852505543
1601021362
-1761240606
726905308
-1065181918
811090896
1168114708
75851745
1741130459
-1191467990
-1495132686
482959449
-229761030
-1959643354
-1215449860
-430091631
1385557354
786933168
-1681267260
-746400212
-962093975
2116627704
-1079851470
-1619520450
-1202956705
1835251143
-682985667
-268630523
-679279825
1769588924
93895000
-1726595516
-747230827
2102845845
1976929875
362434965
-1824251455
-346983296
634829546
565690768
-1632583545
-587644785
-2976111
1905932631
403086778
1943344577
-1557510386
-570266730
-585853415
-723196939
2085189118
1626809956
-410780835
1581797455
479107844
1350825454
-1049073244
-1891788202
-488470990
1799711849
-1058811213
-1290435232
-1853623810
205713111
-710663325
338961789
213324317
-1374726973
1178632851
907645325
-984084281
1001055700
-637790340
1256162558
-741748123
-2048321763
145125265
651604605
-2062320890
-1900885085
472743877
-692617804
-2095777538
1250325392
434573549
-597234766
110849681
1530843251
-226011588
1381415871
2018193769
-745751991
-1402757939
2064511596
-602642801
-1898703470
213666624
-1354764500
-592320314
-796699825
-521092737
1188056697
940200552
490887652
-478347640
362212842
504474344
802556731
2087270185
-456429513
2036592968
1507299402
284003597
1551526062
-1998238080
-1822123451
376147602
-1242882740
1125752922
-19764487
-1835697273
335276976
267244599
2126077619
854390093
-446835238
-207873028
-1644684731
165531229
-957797327
-1464387706
-837256261
-1014320285
816820649
1636835997
-135605804
1514580205
574410876
617968382
-813456038
155722491
2017877273
-944794615
-1429544968
1409402545
820823704
1160028548
555669750
1925754673
653377606
1890895302
1793403147
-438285697
-977890304
-2128630279
511600317
-1490530134
-124507207
-166250901
681208724
-627814599
84089685
1915440569
-1495044533
-635529072
715253557
-1199267780
-654411798
-1359909217
-1313649240
1136459040
-232651232
266568859
966667632
1115285286
-8907506
-40990213
1088053800
1443605947
-828313098
983858627
-1946275278
-28858990
-1632035163
-145497105
-1686560245
1710429649
1922481585
-1619184668
-304153518
-609632410
1300428397
22968924
-1299664061
-1662109006
-492903852
-1262592713
269558135
-688833122
955016934
2063428045
-897357734
1211942844
-2139393902
6289717
-363706301
619529121
-578030440
-576108265
-1659666859
-565055336
2079111601
330252008
1806986385
-484818116
154348048
524820429
-1387087965
-2016217974
-1058319218
-1488002451
-637626449
1418840828
188757591
-166245196
-1527855381
763791462
538481961
-56462036
1166133475
-766623438
1072981749
-1277884372
-1842447475
-333605304
-1309457860
-1300034573
-411816695
-88221331
-1685291002
-1126742630
1195662721
849603487
-687256344
-1445589060
-1277363344
515980545
-1791945847
-428833591
416942952
-1474005275
1881103179
-897202541
-1836284074
-469917714
1932464509
914639363
-1566016384
1290374057
1043661846
-2117624119
2069833263
494583993
-869780889
-585151580
-1234032368
772007864
-1197242891
-1800367929
-643752785
-1621473485
1022441246
1887130502
1582397632
484625470
-1361600285
1362637966
-924232911
1820391413
-1878970260
1582457937
-1237976765
-641001358
840960451
-624796912
-1044548978
-111552161
2112782015
355580072
1230268771
-1013392597
807117263
-527094007
877569926
717792981
-552174784
-285667812
-1811479442
-628000227
-181081671
-321393870
-1722732754
1208327995
916269454
825225656
-1957239789
1098997061
-318367380
-149982447
1180348429
-177289588
-401057681
-70951338
77556531
-1604088737
-385581707
500212362
-196118807
-72112766
833189795
-962115763
1530795407
1939611366
661938360
1560666331
1200740058
2004756948
-909854772
-1745202728
-1336265726
352577345
-1957878638
1783069991
-729125050
-1962710303
164913775
-569262534
197384547
-1581805331
-905407105
828889661
1552395398
-1275264139
-203868313
542967665
-514263332
2033263140
-1310176217
-549557345
-1415859241
1923542090
1855059803
2104397375
-1878955814
-928437321
-1566037154
-1863851301
1277953909
519637148
-1285858803
723069314
-1802522529
-1526864480
-861617840
-1317223632
728276315
-1013316154
-1583346424
-67139064
797812602
-1809245148
-1481778925
886942584
-1832925543
-2083104932
1322485035
351726991
-2087760636
-1993061902
898670465
1826106501
1394741623
1265361054
-505983281
-731755967
1558259029
1397903937
-1553916421
986007290
-1105302828
-845488377
1873866947
1662553479
-1454906340
-403373707
-1008073888
2141183499
1020620829
-23608680
-227827586
1071707976
666897068
-2059260632
-433952239
308617430
-866269248
-1071692624
-1037684584
-1272333287
-1479114433
-1945267686
-1749409340
339939381
-1771276716
194161576
201642118
656788819
1011422968
-1319415336
1877054425
-1594017935
1987785347
272566527
-324302412
506770843
-312737382
-2066938457
672810085
-1768140465
-1165843965
-1345467473
1588451435
410174320
1819697567
608460011
-43081460
-1162356999
-1451672924
-1193310049
1803634237
353517285
-554753076
838013002
88609542
404807603
-2098331433
381324660
-1692390350
-1115384693
1019895955
-2048016677
-1003171913
1497933051
-2051820984
1721102098
-1723948830
-1850437276
-380469082
63912244
2131736362
1392455816
-991536510
-1146559656
-1051439886
-2059831645
1837484297
-1735985132
-757679833
1835122699
499390045
1930485431
-1094560646
1092194879
-434088512
-844361091
-720476581
1572894723
-517227485
1618339481
2012714270
-1959738629
120913792
-172638542
-1593631879
367511721
476687953
-999466694
-767810630
-1633923700
506111725
-617360175
1211866176
-1311849092
2129971502
-1005870624
-546544347
1320593484
-827345648
-430604727
825071777
-1279929032
430164158
-1076615912
301556056
2117885204
1192577579
-1683214018
218240619
-956399655
982373120
-295866599
-125389386
1294780977
-985896149
-1874475587
1202110965
-1721693102
-673356383
-1859867278
1944023892
690241753
86873828
-1745435883
-309124745
-338448710
1001999901
-554404463
-1249438432
-1117414043
1278663598
-1864193973
1806901942
841997826
-1063953727
-742373466
-161944866
447710398
499083766
1954567433
-1411903665
1006441742
-1436279012
1185750375
-754211125
552010316
1011717022
-459666389
-615444388
-395320914
828279800
-1166884730
-2879666
-1090071440
1456064453
1855304885
36303610
1780391528
710364308
-1738858643
-1683581774
1014578573
-1724342161
1530878602
-230100843
968199822
-8794838
1869739261
-1659477486
-928494202
489315409
-1175403443
1502961075
867622543
587595509
-2118462274
-1049829367
-1255143728
1994828800
-1195192817
-435307016
2147193648
910835191
-889974906
883239657
-818672600
1820751274
-1648265636
543943432
-1061039081
-2057133988
-2271310
-1506237015
-1820730591
-1701314998
-2065027450
2126210457
-302693700
237866497
-1290528401
989730152
-1962486727
1071635167
-1697184053
-265196429
1111263633
1840907132
-1411995443
591621776
331739811
1674538196
26779138
-1881875044
1681360095
-417270914
1268743792
-444127450
451795441
1280944392
-1537876394
726829494
-2144864421
915262981
1248980649
-172825441
971119255
632057529
-226519795
1082457894
-2053765973
851308804
-2021878718
-1334754304
1767867449
-850265167
-1658988616
-2066581161
1538070032
-1343753206
945202595
1866270704
428200843
-2013259966
824907353
1441432496
-1530936721
-597088932
2026565753
577064992
-295981550
-1553249550
-382951114
1337500669
-138967649
1817628857
-49699909
1651580389
2061154481
397324868
354330718
1598668308
1254346366
-814469831
195004933
1938850359
-744843320
2131333823
-970979440
1755838070
-465540670
1390798116
825556336
-17934039
1275876765
-349147732
-1490335433
841259361
198657369
-498527771
1855848964
1635272814
807294830
-1906496291
389012804
-33323701
-1427477434
1723640168
624334901
-1521904033
696842927
-1721927924
1915587056
376497
647134377
-1550253758
-444289639
40836413
-418006904
831616729
818518511
-2001442856
58530297
150601566
-1953908456
1492185294
-385711493
1621788481
-903709242
-1149115098
682634572
167054140
1871136954
387967632
-1674342276
1679621498
1482169118
564054006
-1501422260
852920887
-929328621
295367598
604747424
399023995
-2118101152
404731286
1945813826
444233340
-1868231481
-170469939
-108164301
187569692
-1969525005
-1852888609
-203105187
1612564164
-2111755428
-1100464649
-2139374478
1086351047
-1669386173
719854316
1238425286
366853854
1901806512
1666482973
-652719765
434322320
-1536039281
-998372994
-1654277526
1169374642
2066441838
1705227768
1746080377
-102766535
1160227517
826153153
-1500851295
-2062923330
1122945611
-1319422738
1250054884
-963809461
1426215339
828479754
-34769464
-1763674855
-763405791
-1792183244
259290155
-1244688870
1059183107
1593934614
-31949785
490934465
-530820176
476460660
-2012933736
-223904269
875414375
27683383
104728936
1040898717
216611397
881321594
398543314
-1634282777
1587213853
2014233340
-1084110571
659368150
-1531423347
384554389
-1068718210
27296070
354871581
367238078
2110335408
-1839641849
-1735181818
-1735018027
2063247021
-999126314
727371219
1002041464
-158515873
979336188
837904058
1275874741
-1443234140
1269352459
735757587
-1958182489
914039586
-1744166186
-139889995
2078317416
-882012885
-203715823
1505145159
-905930121
-1845732924
-2024891126
1681545876
-1640461638
-1937861278
-2141119141
-1930286184
-612259758
230930633
-1827694090
550525072
-965917120
-1844921881
-2064706566
1515417107
1801682013
1530762940
752966230
-1772864736
-1658604962
-1603445930
-786111474
-940634775
-1178891449
-1056843930
715028232
-993093711
-330746882
424853520
-507832453
1187620596
503224050
-532748154
-2127153902
1372723102
1365961625
975922511
1261806986
-1583593636
-851507326
1066118590
-360483688
-1864865467
391924921
-342247231
-919208142
-1762675566
596813310
1946314827
1497009209
1798024783
12379386
1241871525
-1320286051
-1817320254
583628473
-1165202563
-30788473
1615857427
223986273
-1245710662
475418734
-567704677
1397778517
2097006914
440690593
694831912
652268691
1524517443
-85699488
-521956230
1977388122
1974174921
-1912008569
237171530
411119511
-491648792
-1088996617
600883621
300679986
1904580536
1929761310
670020857
666598401
2001568791
480339168
1290244976
-1738879531
444606232
803967207
1853204599
-988671505
1209461423
1658135398
1093826146
707812699
-246871597
1389202822
-466644385
-1851879267
1352314242
1207619620
827218138
1905653846
576293130
-1832622211
-1656635659
-1429628675
-2035451286
-1405005407
-5210810
-279266663
-1622303112
1829683610
-1253930610
-1621675606
2097289123
-342532491
-1574127202
454684526
-1687530658
-1805656427
1916730464
-259038441
1282870198
927361573
-956683058
484253236
-831848440
-1542636739
840183319
1519427820
1924148588
-1012077465
-1579801003
703792491
-1631790300
1465850523
1660780778
173911631
1383794063
-597059235
742361166
-1245235405
-1777836526
-229866217
92251114
-1739543625
1215727315
603400694
956329520
-1460315220
-1036019790
2021108018
-1534409625
-1164290179
1053287677
683558410
-2086303765
-1330175059
1516300872
243980498
-1279974766
-495860410
733357654
482469219
-1228690796
-325284269
-104124957
-854672821
1098468497
-1239532385
563934258
2009871490
785721383
-1100487402
122475006
1271120091
112918427
362101520
-1273898054
-802460243
-1025047218
850451793
-260433561
-1006147505
-1375931454
164669418
-429543890
-1702676749
1107759035
376611405
-2134999360
-1458717454
420760626
-836941259
-144788579
71145816
307304976
-1028941460
1868051682
-2058405104
1322696182
951838205
-897282462
1229356798
-905953811
-692233705
-177444471
-1538588250
1321086311
-1411930757
893531281
-736974995
585227163
-901670182
28502059
2066827579
185800508
-1226154764
1107998982
-1076964365
340734617
-931166293
-1839238834
1712669507
1238365674
-1180768689
1104573060
1404100654
1962203711
-27132387
-88667293
92166126
-903689356
-327178766
567838429
-1699094416
-247451497
1499930297
646890222
-1083930660
1806372013
953035926
-94844575
1458152453
968231553
-215672747
-857815252
-231308450
1021447224
-918215544
-1351833137
-706496099
-1926011538
-807093518
1198565088
-1127058237
-660089143
-2028612962
-572392947
-435222805
1741620752
1250123975
104590547
953748741
2028003964
297839408
1287689176
-1123627964
542291737
1083729003
-900393231
-1667726394
-75788966
-2001670052
782599472
1694500613
-212149164
1816093507
-39989848
1999541153
1248056008
1059260261
-1949621462
-691570797
1809284993
1688545801
189313961
1908087795
-1080885280
-1142036152
1264586956
805873503
-1840280907
-1542271436
-2004622498
591907051
1105661267
-958925444
470725240
775339009
348666674
1227606280
540766057
-1199114370
569132770
1302640521
-1525991237
-538476678
-874389932
1266712940
2117288500
511969600
-2085582011
-979647159
-1358899246
605709962
-2079614469
-153506422
-1089794793
44471038
1183745098
813964031
938783685
-384795351
1428872849
-270601207
1911466376
1081187333
308974317
1787045720
-707057529
981628876
1059619068
-773719404
991689263
328281202
-1535620503
-1793729789
-1174616249
496673494
-1162454826
-1096780872
-951089903
1820799380
-1954196648
-1430637495
1840527600
1843106569
-1292319840
-1787763103
-1531767779
959307273
-604176077
1370100477
-1376939630
-1463449093
1751404501
1689533756
-1293161383
1487816107
-1107273634
-1412968716
-1942868952
1779685969
-1515131140
-1154634791
1229294066
-45636286
739286911
677068826
-297821527
-1436294538
-848838420
1274721497
-1146845101
-920868924
-309414752
-1072406426
-1533615862
-2058387639
-793620532
1557231434
925218067
1688353367
-1550319998
-2037683341
983536884
-1515808095
-1082513313
826440855
1922337880
575572991
-525275963
-1179278994
602133941
1616720315
-107315075
1850326986
797187307
802352240
676419912
118514542
-353648024
-671690949
-239792153
-1335826595
785199230
-401676735
-823482701
922850144
-2051177043
987423937
-552071058
437799519
-778296457
-1030593955
-258353578
-1702222872
99955382
1976105740
1483061405
992520408
1813965466
853035202
-2117865885
-503018957
1173527481
-1286047864
1422736862
2134180394
1371906876
-831108099
501079330
-921240362
1361060369
-1448173843
1523860511
-1212249262
1330439104
-2084754780
1544328682
633931633
-927278487
541412808
-657165381
16636530
-2099745243
-1540243934
1400382763
-959394616
217225876
-831417100
-1955373146
-167831373
2046735978
455595611
834262608
39777980
-1896138614
-426545053
-1070879037
1186537135
1140528664
1244586363
-1519041862
-1570309782
455207534
-1286002418
1251742637
343077426
1096378991
-1272229071
90913232
1378093300
1793930228
673843925
390396683
1093722759
-1411409284
-228299520
605884387
1930891518
1452122592
1223942030
112603705
105731925
722467797
-2007683869
-1009366166
-2020649711
1270256356
-585086570
1549010269
-722740357
1845572464
1399682442
-602904843
-1184378527
-1220823725
1097029435
-1377794174
-2138345189
-1225900190
1478287389
276841063
-461909182
603727193
-228973377
1133955719
1251368725
-15323446
-1135927642
-304473900
-1283507266
-970023287
-694609833
-867894224
1580777211
-2097658994
668666587
-1280867849
-347343455
683428973
-846776939
-1993018659
1086818430
1332532617
221842515
-2037971613
1662728723
139023699
-696499185
-154904367
-1344353766
-258827730
1163781947
-370627633
1476684470
-1844481327
-277431242
1003608627
-528424709
-356361883
1852440057
-675379902
-1292946147
-1318300653
-2073960037
831662976
-1597053455
-1908786789
200917351
661211322
420588683
-530812024
513728833
-343242843
-734691290
-1314423189
-1376722866
1940998773
536522285
-281225479
-133742874
216390977
1967151305
-1394261129
2046338947
-1651741425
-2089169285
-309148975
1777933588
-760252908
170626576
130409696
1762962610
-766716255
192646330
-1246348338
385051123
-1659392251
1972967669
-1416527235
1123440252
-794434771
536547402
-1686115428
-862827649
1560414112
-534362524
1225166664
1886518560
1369263432
436695983
-1579980121
-44515063
1650994798
-1079444643
55632106
2090024122
-1131220614
1886617363
882923423
-1651872694
441452811
-486562947
-950132741
-889741944
905895098
944271648
233075258
-1730688488
-1642887475
-2127465099
-1788335350
-906290867
1865502102
343794010
-109132419
946362297
437390189
1612201310
-968094375
-1285195895
1245662323
-154294752
-2095251523
896510385
1709477173
1985692483
2092558505
-943257438
-1735192126
989114298
-1590027543
1877694513
1631179655
1341173876
187244054
-1703695528
2072628542
-1435754848
1973351712
1905635758
1080698126
31648352
1546075777
486619638
-1985910244
1010344274
-732196973
-1084996167
838087200
1075628070
-2045538442
-278748317
-1920525216
-1091344619
-1672916509
-292103901
-619489735
-1192739731
-1789802844
-1735528704
-1338619640
1278438323
465539141
2040489254
-1839656230
-919154204
2025907798
-2114351407
1215937067
-9099778
-19055877
-1556171311
963004076
-180761566
1099515579
-1390336698
-226189623
-1761172006
-1091282734
325849743
-2065641238
-791417035
-920594257
818655384
-2121897698
357717963
1280626758
854205834
-65576729
-1966342467
1292135235
1071703825
-1389857238
2039512694
42506957
1525157231
112142593
54188593
55408055
1808569636
1083392770
1933402138
-1570186497
1842571649
-1951603857
-163451333
-1250282346
500539854
-329268883
-1184191566
1951821303
143904811
1439909536
736741795
-1621791290
2081574929
-1626022043
-345023033
-235566932
1200410752
393557494
-1742569493
-157896955
334248210
-1399253178
233775083
-831696652
1842671900
-1361485247
1340858146
-1055056160
892643652
-1113606240
108587676
-87251051
-1300181900
-885247875
-1329323054
-708429541
615842105
-1830344866
1540324194
-641865719
1715345447
1972000666
-1325193420
625164686
779526068
-1395857844
673939550
642122436
-329349271
-283461905
1664245701
-1727533122
-1339073361
-2057051823
1980190607
-298647155
2083523693
52760929
399641958
2045907390
-308951670
234638124
696460374
-1378719411
-2112700175
-1523563096
1819457059
470287789
410394586
2116945421
192017625
712690680
1938041401
639066956
-1573324821
-1175144050
-1581177098
1232067384
-1290483209
2144517153
657362712
1514993386
-1558328811
-1503481544
1047536908
-1087190468
2143282964
2116408469
-1180732809
904717136
24481695
-1768188525
-310831596
-1956932640
-137610191
-1916288401
-1393101309
1889168036
-510963013
1774758467
-461392816
-1399104091
-767761798
1556078933
1989343827
-879521064
-566326025
345778612
-2005066869
-1287489984
-1991759630
1708330065
2045078459
-1135221591
-1909549943
-995492988
595123355
-327190269
-1073536015
477863418
-1408453110
-686487294
1788254609
1803465331
1180015470
1943215263
2033836183
125712386
-1246596336
-1624588445
1191119446
-982544064
338141205
950625477
-952991777
-1787387856
1830020829
-161078057
111674785
-1716377656
330213515
963409326
855422497
-2098813693
-628689447
1569239170
1950139988
-1108963832
1951048231
-157587019
315400049
280627098
-82665582
1774392644
-1126781039
599759997
547176257
530209
-438578386
-1284035111
-1582946647
-93622421
-1242734174
-679846916
-136081452
-103159836
324636531
1025909744
457519847
508062318
1224292718
1301787751
917893007
-1137237336
-1134109505
-490646434
609481950
-1718162111
-938193485
12450687
523735703
-1863385197
244717903
1522765748
-206718261
-67579419
-1359310600
242525206
1308561691
-330984358
1296757052
-135780316
533277232
-1179525971
-458993311
-1998957443
1629325944
210794579
1062700376
1124237727
-1508884799
-222357003
232490335
938085264
672417612
332877595
-563150220
-1633296203
1170695470
-1800286574
1972836174
-380003561
472305060
-522391941
-574078471
1306542741
1862894393
1632120587
772046605
1389885287
-356588705
-1390458342
97651884
121193201
-691840778
1824810822
332284749
-1694159712
-1067279985
1622864182
-1727210706
-986748864
-1017157725
-1067852130
-684982038
-1181446999
1157582606
760525394
1111181489
-2078595580
1593379535
765754642
1744453005
232366417
-2093175478
-953663825
1725211169
364480317
-1100314460
-879469724
374115604
1488575724
-1300590489
-1009603651
1526313705
-250876970
-2113196178
1887702048
-682824960
1196468604
-916194119
-2111269112
-274402601
1360904705
1044161333
-1814145528
49415333
-866543649
776228889
1273011184
1497028626
-409289461
1358598831
1694716645
398385316
1703560429
1740823967
-1072444764
-2115960714
216207661
1590768953
1285961765
-1564294412
-796422552
-992368803
1167628602
-1414890023
-1532267822
526097288
-1620059759
-283925825
-1159748877
-276082598
302403396
-2068208032
1861030571
-1828123979
863726669
97116302
-2044655427
-238021877
-351516524
-1595150641
-1130736833
-744824820
1320856511
1016275952
-143534195
1993630325
547084336
1497222907
712268443
-708131194
-241742948
-120693675
1687948187
-160929091
1837249816
1555950922
-543887501
-1035512758
-417066457
-896377165
1495522012
1556814735
1413338036
-2120306711
-1305377153
-1357106588
1339292065
1735288480
118906814
777707313
546839664
1781056045
1839147164
823698561
-1069901762
1940392144
-786468710
563622908
-1593891094
-968664534
-480406378
2048991850
1810358709
1556291605
-188932344
-1454488717
-582828561
697139274
-1690907571
2139095523
1319649484
-383635512
-923411553
-260586332
1723563435
-808927995
1929406196
-1259084533
1556558032
345970588
-565114275
1222027493
509228694
-355848193
2061747517
1141124428
192377408
700276561
992104026
1018268724
804738572
-172287340
-488447497
1279257675
-157234269
-1550337786
761478902
1176493108
-869904183
182850587
-1511810791
-1659737781
-1457681665
1850607984
-829030813
595249388
-583994784
-1074053032
-819909911
-1250538274
601529738
-777756664
148439296
-1980118496
949595278
1766918940
1499871076
-1276385840
410302688
-1415522777
-1787989299
-754873142
1155307004
-109040870
50337913
1951276422
-8882379
1883456104
-1240950805
-1638976289
595700984
-194355184
-1991941257
-1196969607
-994374727
1855698251
967192785
957600152
-370639829
335635275
-1955034231
-1948731390
1335797910
-1212372348
-2096101969
-1365650747
1724936857
-210134201
-584441481
-1344208394
-1452313964
1293847030
1122550029
-1520960445
766357004
-525508312
45512342
-163347616
-848545635
-856091210
873689547
-1841336227
841897142
-1632825363
1448916939
-131091358
-293888783
435982384
2002884526
-1085290762
788556576
-227553617
-2144802152
822725615
1710473740
1744147784
-1224685094
-1318190235
886858176
-1163517664
1116228718
-700958990
-1979708636
-947837655
-1306566927
-650238341
-2144351382
518570678
-1751937160
-1743260778
1667392447
-1933602269
591647864
1762604538
-337829150
2064022000
2007562732
885897100
-945513779
-913616762
196675346
1575678058
-1028784440
-247445633
313195671
2121999832
-270672150
1999706001
-1409443053
720059391
-261644235
-712148262
2098603996
459975484
-2105198708
-438541715
-581570110
726072861
-1335846593
-301322409
1771782122
1754348723
717674231
16832768
609718537
496468584
-1447886788
1633603839
-430655199
-785770257
538772625
-1064386615
-349481806
-551230311
-1145654488
38347453
1198054853
1913617756
717220881
208447344
-1920651899
57603926
1396055639
-509633320
-1909057615
1948422373
-1028290330
756872965
1762191539
-1855442759
-819562851
-456539456
385798912
430384370
-1678057872
697806150
-884768947
449749417
-1130391987
995512877
1123523879
1280140528
-1673429363
288167526
1394113704
1859032105
-1532986902
103576295
1403861462
535969874
1189026721
-555604318
-1458027924
1154524014
207509993
-1707759630
965115598
-439571314
1050859215
-461523682
-1303750567
-1638313415
-589983850
-791180012
541398097
299223463
657409637
-265737481
735399487
-364099216
237324926
613630565
-153192631
-730286171
1411718557
76865490
-645233037
940394659
-118913384
-1310735645
1394819030
-1904643543
1875574241
1717173906
2127611432
-1112428033
764392178
358776410
-2146895089
1881787928
-1557302667
-1495049813
334183869
1168490232
-164754160
-2015719537
85269687
2041029157
-1419824017
1310508033
554133683
1022142306
1930485925
1510376545
1848268797
1371697621
2066460291
682652158
995975217
1090147479
1604638825
1605942159
1564112364
1621513585
-259178077
1332356713
-1086069064
-815291893
-480360521
1973587933
-494514379
-2032577582
244542348
-1720545506
1777194659
1331221328
-778435564
509851952
-1783024545
-485323899
1532766867
-1482076842
-1617071148
-1392516447
1403405131
803829885
1742041626
-1964871868
1653792420
1975427300
-183321221
-887888431
68111049
329326144
1390495140
-169834459
235336414
708311907
-1115486341
1458757408
-1002414299
-1763732141
1762358191
1252546214
1841364112
1590558958
1077434558
-478460567
565495882
1733525877
-51390756
790107761
-1632980827
-468157957
1396473583
-956473722
-1161996022
-1498203477
302413433
1032723347
-1102345442
1582783166
1611021060
-827124991
-1638793751
-1198308754
166708058
-676226676
1788984376
-1723365183
441346654
1493349363
418813767
-254632182
-60973986
224298696
1647023486
-1675509595
2009454355
857339659
-71235766
-1787863997
281151417
1355196009
-1553176163
-119178307
-1843028166
-728326259
718001093
-2046831814
-1874463619
1518218631
-1109382168
-782958754
-1631141077
-576159245
-1842248652
107475774
-1288339550
2142666319
1258007597
-1934582503
1377636519
640762414
1239700875
-978326310
-223278795
424287321
1072102810
1541861152
-1358541898
-203531383
-1313434533
-1660263753
-684793331
-325667546
1425737153
-1312513568
1995609558
-448470974
1905126015
-1523254408
-1345019327
-1760705254
1791663182
-1460539089
-855912352
-1312178486
336938478
733269917
1327828857
763053009
906567874
1303044450
-1976576418
1483063038
324531610
-1877213339
-1714224176
-964991237
330968224
2012147357
-1677700000
-1403031867
89971824
-2013237454
117670102
369147899
-1404420676
-1008335737
597220289
-1087383190
-1221130172
1670823623
-823519702
-722089629
261337939
-885365297
1044223740
414115625
-828415101
-622958012
1664977632
122220712
1874710939
1865286009
-912873438
2096592201
-1838240803
712319544
1008466217
994026199
-1417083365
1497327336
853772769
2098671103
2827491
-82445091
492164735
452150394
1599071125
1663595077
-278345934
-271967350
-929900838
654189873
-1227323657
304640981
-610699218
1779727324
1589470414
-37060364
-1790247723
-1638513710
-1330340348
1957638746
-346411180
42063104
-264727696
-1718262482
77902797
1768972093
387352916
91497604
-194084741
1435881566
-2120948582
-870660305
-852498122
-1715882635
1497385310
-709923652
1556581824
-1423695277
-861543304
400839884
-1112575558
-911213980
-1142979377
767490390
459049424
846853529
-1885328697
-1019979642
-1850655687
120482676
931512111
1986742446
-1548778183
293800643
-403312542
-1059147102
-1739067626
-125133757
257391455
515754836
931796913
-1234497367
-1741386498
-154790333
468344369
653630125
1301050407
1748553769
1295600200
1833590693
667056263
1617868331
779657317
-737864438
1001764194
387060879
1251650313
-577664869
1178751851
1182653655
-589278109
256697487
2084002918
-1191828084
-224639419
-844487077
440139572
1449360677
1408053531
-1077318072
-2102233733
-691714413
800426973
38474180
1122100267
-78161247
1487330005
-2041669063
-1447484820
-1346423200
1146615158
91504213
-716383958
-1451490571
-708960124
-388632101
-1439024765
1790321622
-1224075311
-211564212
-1680270648
-1398127773
137129979
-767307766
-811858838
1278891060
-206938315
1585093711
-1908889877
1635785098
-657865428
386616970
685442070
2004349931
733695377
-1249526315
1609518780
-78413007
1210205569
-1161582878
1488826991
-80466308
2075983049
1605213545
14378620
-1739585767
-1828643729
-757362230
-1578051139
951212639
-73371039
1905607072
1000596291
-617899013
1888828449
53061088
965040496
-2114445132
-729550892
-1127604259
-2021588263
1923573377
1105567781
-1325279634
-199466327
-485219708
-187661203
580826394
211811572
-1192595988
-1782916332
-1541530964
1009418453
419510247
-1269631411
-1139845412
-1455093274
207017725
-1140609355
1622332029
1973593089
1378366862
-72699385
-976725920
2115931885
2098289839
2107572414
-1353496238
-1909766753
1051109150
1168300654
1698948581
-908893025
-1040519366
1251808172
-1917555143
804315223
1070834565
1683415493
-62631605
63149013
1406676189
-2120282060
558444345
634107296
-876811383
455214364
982664344
-1358527703
-133619690
-1813302371
-1023340874
-920996668
862774441
-14837330
1570143276
867459707
1930630184
808458786
1344725218
1488776997
-1868553328
-2021426954
-1961924261
656571369
-1694595255
1297411315
-1287194425
-700861859
1925589871
-1549200234
-1223562209
1643802146
-1926096260
1127255009
-1150575339
-358882693
-1496655340
1764745289
-5680331
-49146597
1158017593
-387890900
674824254
-610175680
-1848167602
-993662943
-1658659640
-1142467535
-754730928
-1601252132
-260741691
-4720668
1138354530
-1332897862
-1794970242
-1413675320
-1514922665
-2069921853
-1858390938
-274164580
-335183350
161517453
1272380325
771987364
2055307899
148323986
-781014101
-97026820
1848773127
-1462277779
1374382779
315401422
485425485
1926034692
-1149551752
270625237
-826361984
1409079729
834463869
-1082028237
-1964003761
-1281473499
856789888
886418061
-442658751
-754768780
694673878
2145831177
1453044724
918625361
-449310916
-122674995
1312498950
1825331947
-930573133
682213825
238275657
-768831900
1004219067
319417863
-2101924331
-429807295
415473938
-1303211845
163167052
749490978
1790539927
-446556646
1960025944
-1977730192
1303999571
2035446191
-1712161926
2005084229
-249626617
144288501
-754300949
-1387889571
-1309051649
-1858316209
332536863
1157377996
2035119625
508217045
1088078102
-453558951
-1893024340
1934727119
1300567217
894159202
295732555
93334199
1993555153
-1187239255
1458722911
1986161568
-1708908378
620410318
1566345608
-1721550229
2009662502
-1148607659
-1465811541
-650337400
-2124670357
-822850054
572548139
1369094411
-1973849187
873106205
-1982239046
-621508115
-492280956
-1300941688
995517232
-1069957884
-1473004138
-835275170
-164174918
797444401
-1223744490
642721346
-708435268
-1788776687
233625382
-1631951979
373167853
1753707200
-673193529
1699167429
241968320
346958535
90560314
741946124
-27877872
-75158201
-390363147
-982724895
2022023648
-5329688
-1053199233
1979451928
1417208240
2135532274
1629923006
-1108272334
-1518497881
-2017041121
1686806968
102606854
-1001205460
-594289280
-607948998
384299919
-1289552086
-1018920996
1926860305
804559423
-668784588
-1051073838
-43037435
-540143152
1710551679
-1306249509
-581769727
-1534804265
-191138542
2050694035
-1095390614
-1697731472
-1673734305
1686161248
1371326569
734801585
1151985001
1435695108
553324385
-1920292699
-1702658567
997003014
-228127075
160880536
-306444705
-1877530107
-1579592384
590188743
-1761958925
-51258839
928924896
1057674664
276300734
438343286
-1840051740
-908539869
-1951706776
-1579270847
-1960512913
269292382
303183457
-839800192
276341431
1317823865
-1970947637
1621901937
2103204945
-525861384
-306303109
-271079680
-440672948
-1088511747
198221063
1336385797
-1886764497
2027096691
1756946546
693136924
-1759897182
-54939083
1357423153
983902720
-414892421
-1742696597
-476595259
-1019787330
-1064268135
-1862615088
1684372222
-1646449674
521201539
-45854346
380334916
-1918252197
1908396204
-618881972
534925705
684689629
1124239189
-1530792443
-1251031872
-71039294
-1277144390
-122364513
94930790
-1166221280
1746256843
140423115
-1223531653
-1218693888
-980202187
874040468
-1245508129
1190676555
673783766
427185056
767462462
-1331603738
-1536446633
-1625951639
236064935
-1249795815
-922267738
1966255507
-638625690
-1835382381
-2129118871
-1242095263
1192007798
-1883784771
944791139
-1468970148
-558076988
-76164668
154174678
-335512516
-1285100313
1585101978
-1554401197
-979044142
-1542347239
-2050679553
-953709914
-192291104
343766139
604949037
1159839255
955986812
-1071225024
1078063116
-757861671
-1002944350
-1814944208
-332010042
1413156896
-1617232711
-1455847640
-1060744246
1492144171
1119047804
-1900470340
1763893442
2105490455
993009140
-1720369446
380297213
335409241
-981239367
360448568
-1005632390
-1356689122
27741129
355993228
2068184119
-1221357358
-1163645688
-1985516224
-1319483322
1323952107
1725333299
-704557585
-1020386938
-1647840096
1648841477
-808309965
738272621
-583331954
485871500
861574944
2019208642
-848697775
649942053
-1296821464
-2082490753
1846223451
1331644805
1515407426
-2053591583
-1441977932
1463976563
-507503380
-101106773
695068549
-348396822
724194963
-1112119275
-1068409028
-1488831158
-568350999
-605395834
481613806
2115171019
1613424126
-476261932
-1268397915
-531169109
1298583003
-1686719519
-2036967165
30002098
-889958057
-86211078
-262062865
-458916441
1146502342
-1926686648
-1655086719
-1065876451
-547686234
-447637453
1405128672
-1487993386
-925473566
678138921
601926456
658525209
1138651509
-2018897417
625290747
-1183086237
-361699855
1970150839
-256621505
-541836803
-456164265
-855429083
-993794596
-247140208
660050164
643920485
113948926
-666283580
1588304764
527699540
1578462188
-1747305756
-1036028784
-89581562
1497809902
-1672359525
1822131874
1515787212
-807643548
2144667860
404548207
-244641774
1068812331
-1610778493
80589454
1785330335
319831545
-1686093107
-734025003
-803142661
1857984651
726437954
1662993067
743535941
2065142689
621395805
1865526562
477153539
-1649284670
-1289366244
1520872629
1506163175
182243220
773074971
-691196366
1853286784
-1564800937
-1663951980
-221472077
1852225749
138358054
-961688028
-1572533954
-549121430
1482341994
-174931003
-1972157134
486829579
2027770333
-970224790
103807470
86942653
1928365953
-661787941
-360455999
1737096787
1783758750
1336609817
233881973
-277876783
-1211891361
686855320
-1392257865
-919917548
594391129
-257617773
-1737653770
-2078097375
1859484094
-123696382
-653900378
-123868613
1242751885
1236755092
-1133612445
982327012
532897555
-1066132458
-903366796
-883721425
-1900354096
-1702955563
-895872620
-1443409725
446937401
-1799956712
-1517605650
7884850
1940549483
1328696488
-2045228982
-1309476785
-1571134675
1685900820
1560347416
-1422392567
945422978
277896955
-1595445178
-1483016568
943375861
1554254719
1912108115
-1995029539
1414358473
403340820
574935039
807207307
-537367946
-41393759
-1207698112
-924922500
1179020867
-729863749
-1530699953
634684478
1059216329
1291216444
-890241739
-1294737661
550928357
-1738001564
1047753970
1653873654
1199287714
-295978449
-434468364
-1916635996
2103567730
-1935000100
1200334796
1994289897
-1453113277
1968621678
1044293711
1795022185
1502813482
716045911
-920501783
516531277
533866155
-755617543
1804488430
-1066236590
-883411083
1967821445
1293727607
756432346
-1663084887
792107597
-1132403942
-1651223703
1253427481
-230681530
-1129243194
-1394660646
171813747
-1845868133
623705070
306829013
-165543594
-2107955655
-658657304
-1711895308
-1396157
723945675
97907124
2099286533
-1502858118
-230564634
-1302642376
-683269317
2088743551
-790340515
-1924135879
-1921196091
-1622651844
1600146703
1252559418
-79892222
-2092108615
732921308
1920799224
-1895778297
-2035585310
-898103405
617438696
-1080760442
142589036
1244459251
-320244251
1864244416
-1312222422
111169345
-2107224208
89566925
1516422913
2111146097
772853989
-2084854806
-816884005
1417721464
1198602565
1973047356
-214207145
1641465542
1488666340
841939022
1831549785
-697218585
-1514179112
412224631
-965297254
1466600021
-933507244
1133011999
-1244880576
762016244
1179633530
1827118899
1311111161
-1664547105
-2099599018
-1993234069
-509951406
-1520375835
1797232694
1001662560
-9690197
-1691670193
-216771997
-1032499527
240329132
-240329080
336912507
161567295
-207773686
1048861650
1956136287
235683090
-345906213
-1024515726
856710948
-1342069684
1862956894
-2089032530
1131997128
-705562247
659558541
-1638874981
399251313
754332778
769786308
477068752
1076794818
-1564373969
661125506
-201742614
-797971647
-654942298
934794703
1202775862
-278255236
-144530337
1629466715
-1888962086
1990867924
-520446551
-1179605212
-145582976
-1063555836
-1567920594
1213938366
-713096601
864707171
1052651654
-1868991405
802846825
1434649601
-1482792278
665999947
1634261359
1669212047
-270517109
1975124139
498979607
1493426553
-1171949731
978955209
-649309321
2068384203
-1279942733
-1531818389
1912047539
-1670941530
-2123572852
-679679016
-1257992315
-591468445
1736430663
-1168993765
-875791121
-1602675232
277751090
-466371473
599269624
-1460025136
-1470169371
-475118577
-314144228
-1852968409
-2130674572
300704163
-1407516741
-41194461
580048010
2007600945
1188630412
-201025946
436039719
-258586007
1558410608
1381741999
1147883944
643688688
-1179192281
-1720030577
1699186964
-96166347
-153348340
-590679159
-1006856438
1301949330
-576817058
1105245261
198179649
1718728231
858761163
-1149277242
-1809103260
1409596517
1856814009
1461280239
-1484634221
468693857
248141034
-2135862598
-1196594375
-1917827528
1486371285
2025082956
-139200309
1941429294
-823910605
1075467699
-1219500420
1513960680
-1625789032
-523750764
11683206
2023691682
1155010028
1304905166
681267119
1600478846
-62976792
-632294415
-861510745
-578190022
-413323973
665054440
-1144080494
1389276998
1203906008
-1270812116
-146270992
1518928274
-824052050
-944185445
1064277749
2012474155
-584892587
-2023350580
-1279575880
-435165860
-551651093
508706239
-1724105249
1968838553
1060433806
777551469
510146136
1320752265
1609421343
-1377790314
-1868797167
1148568543
-922106574
-1965455535
-1355554704
787138271
-168697028
1569311350
288677685
1334454117
-1045328928
714053233
611445338
-934201857
1614169569
-1449794423
1026170175
-887605834
-1163464532
640975673
1699121167
-1793203015
-1363295862
-1902121685
1014712183
1861104419
1489061774
395395706
1356035836
-537996657
1438230135
354964851
-269871052
2044799923
1731840926
227576994
-394792378
-1565313455
-1099041760
958402197
444689293
1833221349
-1742996665
-777059657
1282418667
-2118512189
-1288530041
-1178554174
1543114531
92852401
-679511850
1227529383
-1530210081
-1015212328
270444968
-1576620214
-344232674
-683333216
-1214691264
754180534
2101045782
-579463046
-2055695170
379455890
1123720195
-277028258
1612559957
-1649027600
2053998906
424976148
2009784820
-2081910740
1315391287
664371137
-1975777150
-990292605
910051110
293504210
31627211
-938488530
758316295
-123854500
-1050670836
1493279238
294814857
372960598
1338923349
79223528
24624711
-1642259816
1913803984
259199299
-1961788956
375164125
-909103757
-377540296
748514320
-1997208357
53373878
772054828
1889609871
734361150
-1540700648
1823676820
-616330375
-224777557
668049096
-1354090438
-1927938014
756381906
2012902767
1986305489
-1875113003
1755817455
-957698069
-1244702071
-1467266160
-1585586554
-960217896
1552198887
-1084093079
-225287867
1815055032
1307922805
4438246
1734239914
-2007096330
-558424694
-1735009228
1819673573
1820519840
501376096
153585608
-633376670
1062817928
1421076823
1746651172
-1682852076
-1338074523
1675931347
430409752
-328533788
657805444
-1767587353
313534239
-571161790
1547511135
-749559752
-1185887198
1826669219
-1916292521
-578502409
-384974733
-756300991
1851455966
696115289
-1888340788
591650420
-2007154138
1659310705
1620689685
-1736855433
1527789465
1671396841
-219293855
-1179669610
331127085
2015518610
-1208183139
-1831369520
-1005680827
687996844
519743778
1377119609
-1669854935
892237738
-66052287
-897043445
869881317
1366701722
-1629424899
-2040861303
-1190379460
-1466048264
-1643331530
680870966
1651559381
932451848
-1496352056
-770608639
-1780197977
1309758191
-1418927763
692356274
377766510
-1201853419
1619047727
-2017499986
642900573
-950710993
279109754
375576455
-1798747584
596524727
-201365629
-365778955
-750605241
-866171821
83289769
-463045709
119571294
1127326170
-235454510
-730084916
1568841529
-2104042515
1009809558
1202145922
724464295
432390491
826473511
-683439314
-105242871
-1163688871
1249055941
-612128280
-405669731
-2076888700
1493566763
1485129787
1181812
933133731
-2095910702
-397730952
-1616198642
-938461161
-256512655
1136989359
-468839661
-114350491
-476725318
190973630
677307405
-158646412
580822934
-1688275100
1628420226
1719492630
848538836
1381242758
-1406043278
-202911524
378214437
-2028943082
-1306408644
1019965660
1975935812
-1725034731
662544833
-72979247
-906646730
-2129315703
1544050768
1175064619
-435140339
-1582290123
-6491423
-2007777689
-549780409
-2030071500
-446401666
816953952
-354753573
-1430459281
-1075517952
1392133060
-185074319
-552870354
-1019908633
1296826550
-1081947880
1815717004
-889798690
413648384
149999687
-1990234963
950498837
-1255704457
-862225400
494872691
-93854930
792360483
1944009024
1291644477
1807165075
-1239706217
1545336067
-44659918
-1087649078
-109281669
362874774
730202677
1083263103
1147510570
1562252047
671658312
947474340
-783393379
-682906628
657638947
-1107423159
219953212
-1711356181
-1788127094
-2003750771
1762699750
-593623615
511062616
960539260
-834287561
-1957126919
1453176436
-571900495
69916330
-1947038046
-949094110
-600030556
-1991997989
-1439960282
-989157782
-186084249
597398951
1215543599
-1115942060
-882619006
625529100
413003555
-293623466
-1117693474
-1493595135
-253260960
1796510570
662365566
1320166525
798099966
-1301379030
-626879991
-964631183
