651065485
1211836523
-1407468408
-1339026781
-802228305
-1744280097
-379794506
880197123
476790784
-271760038
-497395368
-44751083
-1576619900
-66927970
-1216218709
-1551243210
-692394502
-1958923363
-1091775931
-1529857610
-487849305
-1872400409
-800587112
-478469738
-1342976309
-1050522004
508403593
46736929
1656537216
1036878306
1168945724
1575692743
-265140724
-1511867910
619132749
-1365252978
-313054010
-535850558
-1706572457
-1734175749
-2126974309
-644594398
639569361
1416980994
1059429160
-215272520
1030322777
208128841
895303440
5065017
-917112156
1956047948
-1955700448
1037545226
1144674394
-1937292925
2031450273
-1129966972
-1029107774
1549869966
-572427974
1374847037
1707473578
1798379820
-1556816380
-1538983225
-306756525
447708842
-1954466538
1776561722
-2017110240
1740718737
1833482635
1504851767
1648652870
149340744
1297238498
253111231
-1133689268
-2026837615
-1273759156
374498206
-1997693895
1312506795
-791904221
-1921083233
-1683461708
1861361763
1984281387
-551798248
-1785871086
-1628591854
-690617195
587936964
139685301
-131272491
-1164006968
-881831641
1824631454
142073484
-2105972733
-182614243
1575550517
1418875158
-228059064
377778322
614668696
1045497576
322525921
788854675
-702033573
-784173974
2117456696
-2008842194
2083547207
1947918088
-836375511
-1623770839
1749700784
1395332833
1543854940
352385449
530780785
1132695161
1083590288
2050202107
353391721
-832080102
-258182145
-1458820450
1967561645
1922893684
1068218839
1215265822
1760932296
1835240278
-2029528048
436642231
1761797681
-923561788
-1531631591
-559043433
-1063624646
2169143
-973513923
754661821
1501066636
-1415411323
-290628425
304947052
-1413088553
-2111883501
-912590511
-1748257991
-1504604125
1269787383
-96837320
-6250237
-129831033
922506559
1074443197
659701762
-1878953151
739231580
120266671
-1519361496
773272706
-1701070290
1330701632
-1989956565
726008448
284832826
-2071231302
-819611871
-2004370167
-1871781255
-616312632
-984719978
-1035015212
12035905
-1498601614
-1998430441
1916259603
-918876412
-1668369347
-104689210
40888312
-196150815
-1427494500
396558130
-469661196
1332399457
1672901682
-1376433166
1165064436
-996418297
-802126888
-1457901907
227371753
-62630665
40584568
-1629071414
-1122646155
-2055978781
-2001520202
791558540
1267389217
1254235523
-191711219
317890337
-1507144669
295801190
-1357916724
-1830629460
1237145231
-741640290
136590188
1057235444
807145334
1161906393
-6771978
-642066848
-1971415661
1426589095
1432154591
-1131435972
605407141
1202707070
1535519271
924887648
-1809639691
-1031996916
1946756740
-1793806575
-2004410216
-1256695159
438040005
-194952979
-1091964465
-1848150908
-525671301
-1185499852
1653803916
1310809672
-1809534854
82621113
-385400884
696415475
1266262232
429945049
-1294820333
-1884599247
257034815
139466289
900992416
-1564906929
1007448700
-1517715430
1199111278
-1817288531
-385703899
843367490
1284196207
-53283421
-646251088
-2006400408
720951633
1049657598
-303431739
1677265263
-408535881
-1878087373
105373271
-101194004
-931033001
-699921329
1390894469
-506381643
2022842233
-187230150
-2066166936
186806379
-2042628278
1763099487
-1645918253
-2015573582
812081453
756575085
650533505
-209229368
1456371612
-1641217423
-218737442
72523773
1471874016
-588380923
-1361493484
-1332217311
-1876488873
-1412792700
-203166326
-1448329151
-1097926896
904553233
1594488181
1931478830
2087049272
2000479993
1068717785
-2001811556
-1308877343
-1451631960
2146007775
-1936152887
1776539893
-1815339939
-1251858613
-967260106
-576183387
-1585103732
-1116461100
1919554420
-84501690
-1424158810
-1120197999
-1769991320
-897076482
-1661881414
1887746573
-284700765
1309974374
1200815628
-977084486
603823273
2019395721
-1713764932
-1333942907
-831743153
-2082924082
-978760965
1476995308
934112498
1754123517
1361469960
-940157291
1551863337
1309089322
1737005320
-2138150829
1345258536
2078051005
1050392455
-1146390004
540370316
579471102
-1996723563
-729639250
1098862316
-1931752382
2084586845
-1954632521
93386015
984773424
-615475111
-324588479
-32199974
453253491
1540108589
19674315
730949210
-1889252438
688688503
-740983630
-290224565
712918773
1230050499
-975709138
199712388
1527575872
-1865104585
1908130055
-1869174861
-1083695263
-1034743664
1040697982
1459773592
-1686631037
2038218494
187968993
671212698
172093887
-1808640380
-245542610
-1481207841
-1733936069
-1257379066
86439824
1680903046
-579614283
-1145588019
1958895102
31072655
980001782
976956717
-104568136
-1729021979
1104518400
1477037613
1891258525
1161449931
1888140041
11405286
-586875926
-459026800
950619876
338436875
1171088009
1670792584
-111977082
460070616
1397107426
1819018188
-57558453
259240564
-934380553
-898756630
-299950730
1729053919
1603968377
296095231
-1163505386
-1238831029
-242608396
2020837899
-1193146599
-1507311855
-19343128
599545
1252789973
719892905
-1121779315
-1087544162
-1606215721
-1188987906
280690268
-627566777
-755948064
-1487596650
-441017124
-1442597054
-122264258
-1104458152
-2134429319
27641078
-1798081902
1054892298
-295243858
-1274862312
-1080316285
-534790091
-853427348
-1122805671
853132043
-2074393101
1349033678
844352255
-534002707
443861548
1134308562
-991789126
-841494225
-804252132
134841893
1398506525
-1042251532
1915534936
-1917224862
-1994274076
-1370922576
-1987720265
-92242280
139570238
-94156861
270243111
1903815945
861225661
-1573713650
567405913
-580822030
2063062744
1629666845
-1180981189
-866938875
-622321858
-1052348123
-1830219535
-1510813409
1129283163
522231208
-1153250052
-313968443
1751733419
-136682786
-838447320
-769249658
1172925741
-344254237
591611752
1490287651
-432138669
-236745329
447996826
-781648955
-1058256666
1755976404
-1425960103
-81367848
1710552277
-1836149441
-1204408270
139633879
680905282
-1131784624
-648560111
-2082394600
-1325412354
163312730
1529408009
1285058185
-284093653
-176816733
1879578524
-414513884
-1788251189
-1849950271
1656877089
404669253
1130876303
-245138057
1256662657
-334500026
468380707
-1079849771
-210774334
1791831477
-1276019648
1764282736
1688576347
-1933826430
-218245903
72296425
1508611533
1411816848
-1244603042
666507885
-1029708901
2144131507
252261089
905750550
-1234313209
1220780485
731014562
1316140773
942564592
379471131
574580163
2131182974
-2033832349
1416656642
-63937508
-1057881057
1371429854
1904359984
-1698692008
197899946
-2041397491
-909011295
-1441974143
-1203346214
21264974
784675787
1407290901
173283788
-1732904078
1636646551
-1508167172
-100172949
-1797302239
-779546094
1088946966
25195718
2086419271
994330371
-414238340
-1812042263
755130336
-316114957
-409248331
-1022873607
-668529694
1990830051
2084628971
-1955852966
1124644153
-1875399581
1357858904
-1709922384
-195615361
-744538034
918529189
2124950346
-1948006545
1065815395
-1662165096
1938015676
109284659
-1726657152
2005781984
161962422
655619618
675137682
265117625
-1689014768
1107245280
-1833112833
-744444396
-2053661624
-1366512548
1206640823
-1210318073
-301442224
1215977290
-64863383
-1761838257
1657529681
-788752521
878657002
12504141
-2123432235
1150860647
-1796597588
30352633
1169224890
1162394949
1869960362
497967977
-1075283669
811718805
-552966821
615824969
-735692124
1079916593
290376318
-1211592225
351120523
-1818203687
-770826982
1912641294
1042260955
1733040261
-556099746
1144334420
816600365
108841901
1252908400
887202418
-669209873
1577621912
593608185
-1626899239
-1338025809
879143870
-740634446
1277656371
2073740588
-1563553807
1111482342
1784493135
-708017657
-297465192
-2074251055
-413366994
-117202317
898319290
225429611
-1812651836
242988067
-433975794
-102393007
-1759043642
-824189151
197538062
1870015760
115173997
-1550451393
597932392
597605197
-812463752
539173211
648138123
1531539600
-1182347496
881276217
329080932
1352450055
178651870
1348270233
219330298
609183801
-971568235
929108504
375598611
890799190
-729645449
-1721083981
-870375306
-374687190
507318804
326222600
1492451168
1093277028
-446686701
1096907208
445500682
151629552
-1541352521
1985305710
1240815877
1539341749
1669128293
267991692
-1278897100
2044534413
-1565425216
171449937
314733684
16999743
434719555
-1541029310
-839563881
-403331677
2070468158
65346624
823907193
-937570390
-447355284
913670492
-482970518
1200588847
820159347
862222200
1764466118
-978554209
-1667920556
1057192422
2103197143
727677557
-570439616
-1186097281
-1541934670
1933210415
778198240
-1288536645
-983008157
-624065425
1931155209
297645925
-883251976
913060442
-1220568809
1710485460
1527174422
-2096584702
-478505833
-1554485805
-881167065
464078957
-1114573366
2128908649
494921727
-1855476854
-1319677254
-527507481
-1653361253
-854415705
-1549371085
405821046
1056013451
-1319512066
-337666775
-1327677741
-247280005
-878371331
-4881965
1185876447
-1603875379
-751637056
1659300469
-1290862454
644047397
903474241
-1584792108
-379982078
-1251170781
-1980294053
899583341
1566116051
1710198022
456166197
-2118960792
-1310751507
-224314525
-1271830494
546834965
1037517463
-924742166
247302289
2131847262
-1513593506
-833054299
1677165199
1000218495
301302123
391048092
28728139
-66106562
1068399447
-2041292368
-407621714
-1976548147
1072087161
-496556451
237034400
-1479045714
608412175
-1017260704
-706038767
-673770182
-908922122
-1894916816
-1685828792
1057205780
1568560258
-1348462304
-1603922884
1324744393
1665591733
-924498897
386137822
306306740
-1592025109
-945130143
-897617252
1844098242
524415689
-1135497437
1622161344
-329899269
-1072494856
-1863450900
680245502
1925537967
-464718424
-2060946260
1707285091
967593995
2175872
558205338
-901199082
532015204
-712572133
312039946
-1918367565
1572333966
628592459
1671272227
1662559655
-1884751243
-2045580768
983100831
-1129528753
1896073556
-1793758883
-1217959317
-1642519645
1666793533
-528430042
1750930598
-1257960214
-1628152843
-350518445
-1512862847
517579559
-225497570
-252958908
1461391123
1250629267
-197627335
129345054
1545762874
-2023799967
-1699818596
1706137259
577387382
-493075708
-1899079490
1655545996
-1618949188
-1991705084
867242984
1042027220
-1832909322
258032023
-632952750
246885195
1505612278
-574129281
-856226834
477109683
-2103694995
773659114
-869838455
-28784324
-1521426467
136452146
-1525120532
1906716974
1518607517
888285001
475337115
1393420795
520469079
1580694134
-210247943
-253616648
2073463792
-1895631500
-229393989
119523125
1907959400
669680124
-153579765
1798719994
-452739189
-336172646
-1825954109
313881502
213081027
-1017230499
-335442745
1385112684
1236164570
400581052
188647636
-720201567
-1406971481
-1996747051
63861094
1309519467
358200205
-2126572267
1789718225
-720283539
576060653
-560076632
1387247077
-782911561
-1404139410
-981419844
445325784
36856855
1262683835
1386369815
-628448647
60773823
-633522236
2031710032
1976066780
1800755794
-2058403656
1417271703
-1031296415
-1634264203
-2052083910
-309808449
-282823353
-596033641
-688262386
-103936858
327300283
717795152
1453076792
532854920
-1384814740
995643202
-2029712014
-1951890729
997339208
-499381342
-1688005298
