-1670009695
-363455055
1950473526
1194849954
467743674
856239399
1345793881
-892636623
-100582772
1311393430
-202943246
665021294
264008649
1703772723
-731199543
-1753760261
772666525
-1069292436
-1232035428
-1980667697
1563311572
-222597237
-129949039
-421324632
-1953694227
-227899088
-727853698
116646871
-502676717
2124860102
-212849742
770516406
-1838269076
-1645082294
169134898
1917803960
1938030637
1916306305
1969514722
-2082275325
-1898343472
-9436025
-594289255
-270621977
-509369512
-267502311
-1435618386
1045217506
524775382
544947673
422835499
384328584
1828687563
-163849797
1835757937
-1834181948
-1849617098
-2035052572
1768485463
-305969526
-1393083747
-363543577
-1326683291
-1789782599
894555962
1802084114
-191796716
750285415
-306787761
1594058882
982689533
-2054481056
-428828561
1927526048
-264669559
-592348882
165012735
1111494515
-71037717
936679976
606729099
1954151579
441411046
1405440320
1122780075
-1663463848
-494213000
-136440814
-406376921
-1126909658
1586186252
-1088432507
2125517405
279951550
534818819
-13710088
-1982249174
-251933592
-638195697
-1519930960
