-1994274076
-1683461708
295801190
-1325412354
-1063624646
-692394502
-881831641
1030322777
1132695161
-499381342
-1022873607
-63937508
-409248331
40888312
1252908400
1211836523
1007448700
-1122646155
1096907208
1093277028
-1585103732
-2033832349
-210774334
-940157291
-100172949
1134308562
11405286
258032023
-282823353
1529408009
1297238498
-1370922576
1312506795
-1294820333
-385400884
1501066636
-1933826430
21264974
-210247943
1629666845
-2026837615
30352633
1603968377
-290628425
597605197
-1748257991
-755948064
1749700784
1707285091
696415475
539173211
-1899079490
-729645449
1416980994
1535519271
-945130143
-579614283
1539341749
-633522236
880197123
1285058185
546834965
900992416
-1146390004
-1798081902
72523773
2031710032
108841901
-1797302239
1172925741
816600365
1199111278
-1333942907
861225661
-1034743664
655619618
396558130
2078051005
717795152
-1991705084
-1366512548
-1338025809
225429611
197538062
-2055978781
40584568
1037545226
-576183387
129345054
605407141
739231580
404669253
1057192422
1870015760
1309089322
-350518445
-478469738
139570238
-1618949188
257034815
265117625
-1550451393
-1689014768
142073484
720951633
-1855476854
-104568136
1171088009
-973513923
173283788
-2015573582
-1511867910
-1104458152
436642231
903474241
2019395721
1349033678
-1709922384
12504141
1057235444
1754123517
888285001
-496556451
36856855
1776561722
1710485460
-996418297
28728139
-117202317
-2017110240
-1954632521
-299950730
-836375511
400581052
-1365252978
-706038767
2020837899
-84501690
1492451168
1531539600
199712388
-1565425216
1476995308
-2103694995
-870375306
-1884599247
379471131
-309808449
1677265263
-464718424
-1761838257
1888140041
-712572133
-111977082
-379982078
317890337
-337666775
267991692
-413366994
671212698
1672901682
-673770182
-408535881
-247280005
-313968443
-1989956565
-176816733
-28784324
-1129528753
-441017124
178651870
-1029107774
1237145231
-1087544162
304947052
508403593
994330371
-802228305
688688503
1527174422
-379794506
-1551243210
377778322
-2111883501
-1091775931
-1052348123
-1733936069
1710552277
2000479993
1835240278
1784493135
-744538034
-1031996916
-487849305
-1425960103
1104518400
391048092
1417271703
1933210415
-977084486
-1584792108
-853427348
1931155209
-1153250052
-1997693895
-1876488873
-2082394600
139685301
1737005320
-374687190
881276217
-1626899239
-122264258
-971568235
-1563553807
-1257960214
-1079849771
-229393989
-804252132
-1290862454
593608185
-1836149441
558205338
1688576347
-669209873
1215265822
-535850558
242988067
65346624
-1685828792
-898756630
599545
-1273759156
-1145588019
1861361763
-1042251532
540370316
-1487596650
-1825954109
890799190
-432138669
-1072494856
922506559
-2118960792
-1274862312
-1234313209
-1164006968
-1729021979
1068399447
-265140724
-1216218709
-1029708901
-1645918253
-1404139410
-1288536645
-194952979
843367490
-1573713650
-1257379066
1906716974
-1538983225
208128841
2084628971
1549869966
-1135497437
1938015676
-1513593506
-1525120532
784675787
-1332217311
-1871781255
82621113
313881502
1912641294
1540108589
-62630665
-136682786
-1976548147
453253491
-1662165096
-1133689268
1037517463
213081027
-1998430441
-1726657152
807145334
1068717785
-1057881057
219330298
-1628152843
1956047948
-1203346214
-1083695263
1887746573
-690617195
1750930598
-1517715430
-534002707
-770826982
576060653
712918773
-832080102
-1921083233
2131182974
507318804
1710198022
-2082924082
-92242280
-1278897100
-1510813409
-552966821
-225497570
530780785
995643202
-1603922884
1418875158
1050392455
-1413088553
844352255
-187230150
-153579765
1755976404
1471874016
520469079
1309519467
-1980294053
2083547207
-1937292925
-751637056
120266671
1169224890
680905282
-101194004
-744444396
19674315
-1163505386
445325784
532854920
-628448647
1946756740
2169143
591611752
314733684
1206640823
-2126974309
468380707
-1504604125
-1512862847
788854675
-1327677741
1580694134
1200588847
-897076482
-209229368
887202418
1054892298
811718805
-1319677254
-838447320
464078957
-1058256666
773659114
-735692124
1907959400
-2004410216
-2052083910
-1251170781
1648652870
1594488181
-622321858
227371753
-1918367565
-1744280097
1653803916
1925537967
-2001520202
-129831033
-1035015212
-344254237
306306740
-6250237
351120523
-1793806575
-897617252
1098862316
577387382
913670492
172093887
-869838455
-1188987906
-1830219535
1459773592
-1193146599
105373271
-1097926896
-53283421
567405913
-1732904078
-1812042263
-2008842194
438040005
-596033641
1740718737
-1017260704
-1788251189
1456371612
93386015
929108504
1833482635
-644594398
619132749
-931033001
-708017657
-1080316285
1568560258
-1556816380
-2074251055
976956717
27641078
429945049
1763099487
-1415411323
812081453
-44751083
-2053661624
63861094
-1186097281
-1667920556
-1217959317
1505612278
-414513884
-1603875379
878657002
-791904221
1904359984
443861548
-2001811556
-646251088
2050202107
1824631454
5065017
1129283163
-258182145
726008448
-1131435972
-446686701
-335442745
1332399457
1124644153
1798379820
-236745329
-1884751243
-1653361253
-699921329
1984281387
1706137259
-1875399581
1111482342
171449937
-909011295
-2029528048
-245138057
675137682
731014562
447708842
-1357916724
-297465192
574580163
-918876412
-570439616
-1769991320
-1442597054
-1319512066
1361469960
280690268
-290224565
644047397
1453076792
-901199082
-984719978
1357858904
-218245903
134841893
-271760038
-1427494500
754661821
1908130055
-1688005298
-800587112
1074443197
924887648
497967977
1330701632
2087049272
1269787383
2005781984
86439824
-1958923363
1879578524
-1955852966
-856226834
1504851767
-1721083981
-1457901907
-301442224
-841494225
2124950346
1393420795
-1508167172
-1954466538
1915534936
-1895631500
1045497576
-878371331
-224314525
918529189
-197627335
1659300469
879143870
237034400
-781648955
680245502
1947918088
1324744393
-228059064
-1521426467
-94156861
-433975794
149340744
608412175
-1706572457
2086419271
31072655
1250629267
597932392
-1531631591
-1017230499
1490287651
-1308877343
-1996747051
136452146
187968993
375598611
-782911561
1789718225
2070468158
2073740588
-103936858
1202707070
-574129281
-191711219
1185876447
-1634264203
-1955700448
1985305710
-1642519645
1385112684
-981419844
-1809534854
-967260106
1670792584
1656877089
353391721
-1661881414
1666793533
-688262386
-1361493484
-482970518
352385449
-316114957
-1869174861
-57558453
1764282736
1665591733
-96837320
-1114573366
-1815339939
253111231
1656537216
-469661196
-1342976309
-975709138
899583341
-1210318073
-493075708
-924742166
-253616648
2103197143
1310809672
1042027220
1371429854
-527507481
1919554420
-295243858
197899946
1931478830
1079916593
1150860647
-2071231302
1168945724
1056013451
669680124
1922893684
1397107426
1527575872
1348270233
1240815877
-839563881
1958895102
-1131784624
1252789973
-2066166936
-1878087373
-556099746
1000218495
1036878306
-824189151
-881167065
-1629071414
-1606215721
494921727
-1211592225
-1185499852
1262683835
-1424158810
-1479045714
-720201567
-1833112833
-324588479
-414238340
898319290
-1050522004
773272706
-1204408270
-1458820450
-934380553
-624065425
-2004370167
-779546094
-1554485805
-802126888
-215272520
-560076632
-1541352521
1967561645
-403331677
-32199974
1316140773
1200815628
-2045580768
-2138150829
-1541934670
-284700765
-917112156
-642066848
1844098242
-1529857610
25195718
151629552
-740983630
-1541029310
-616312632
1352450055
-1987720265
1677165199
-19343128
-580822030
-1091964465
259240564
1386369815
614668696
-1931752382
-1121779315
1309974374
1256662657
-1220568809
532015204
-912590511
1107245280
-1809639691
-1441974143
-313054010
-497395368
1395332833
-385703899
-923561788
1059429160
-1796597588
1266262232
517579559
-1832909322
-528430042
1669128293
1065815395
1144674394
338436875
-1785871086
326222600
-6771978
1761797681
-1623770839
-66927970
522231208
-1238831029
-336172646
727677557
-1759043642
-1376433166
-1592025109
1057205780
-908922122
1707473578
823907193
-1734175749
2022842233
-1310751507
-854415705
628592459
1416656642
-2134429319
-1448329151
1398506525
-1031296415
-1699818596
-1894916816
-1451631960
-131272491
-1075283669
-978760965
-788752521
1636646551
2117456696
-1507144669
-1339026781
-459026800
-937570390
1776539893
-866938875
1896073556
445500682
1374847037
-1182347496
-447355284
1566116051
1622161344
587936964
1072087161
1161906393
904553233
-1830629460
-1701070290
-182614243
-66106562
-1713764932
1751733419
-983008157
358200205
-741640290
820159347
-831743153
72296425
-729639250
1088946966
905750550
-2074393101
405821046
-1936152887
524415689
1236164570
1760932296
1680903046
1284196207
-102393007
615824969
2146007775
163312730
862222200
1577621912
1798719994
-586875926
-1628591854
-252958908
-284093653
-303431739
-1668369347
-1122805671
-2041292368
1903815945
609183801
-2006400408
1551863337
186806379
2044534413
853132043
247302289
-1948006545
1083590288
2131847262
447996826
115173997
1545762874
460070616
650533505
-1849950271
-1878953151
1508611533
1277656371
867242984
1345258536
477109683
2031450273
1764466118
756575085
2175872
1426589095
984773424
-1407468408
-648560111
-2060946260
-334500026
2063062744
-242608396
-2042628278
-1971415661
-407621714
730949210
1657529681
-478505833
-2123432235
-784173974
-1951890729
-819611871
1161449931
-632952750
46736929
-812463752
-740634446
-833054299
1220780485
1254235523
327300283
270243111
-1564906929
-883251976
1819018188
16999743
1869960362
1230050499
-1812651836
-534790091
2144131507
-1698692008
139633879
1662559655
1518607517
-1808640380
-1889252438
997339208
-1251858613
-559043433
1575692743
252261089
-1116461100
755130336
-720283539
-218737442
-104689210
1407290901
-627566777
1387247077
2128908649
1791831477
1130876303
297645925
1411816848
329080932
-2105972733
-1872400409
-2029712014
1800755794
284832826
-551798248
-452739189
659701762
1267389217
1543854940
-245542610
2038218494
188647636
476790784
1477037613
913060442
1432154591
-1276019648
1144334420
1572333966
-1498601614
161962422
434719555
-195615361
60773823
1891258525
-1865104585
719892905
1916259603
950619876
1976066780
1990830051
-1686631037
942564592
-702033573
1575550517
-1549371085
-572427974
-506381643
-81367848
-1412792700
-1256695159
-64863383
791558540
-2041397491
290376318
374498206
1655545996
1671272227
-1406971481
109284659
980001782
778198240
1165064436
296095231
386137822
-924498897
-2058403656
246885195
967593995
-1481207841
-1917224862
139466289
1042260955
-203166326
1461391123
-1576619900
-2096584702
-2126572267
603823273
-1348462304
-978554209
639569361
1390894469
1162394949
934112498
-1863450900
1040697982
-1519361496
666507885
-4881965
-1271830494
119523125
-2023799967
12035905
579471102
648138123
-991789126
-306756525
-1180981189
-1641217423
-1817288531
475337115
312039946
-668529694
-615475111
1049657598
2084586845
651065485
1215977290
-1793758883
-1129966972
2073463792
136590188
1068218839
-196150815
322525921
-525671301
-769249658
895303440
-329899269
456166197
-1120197999
-1244603042
-1507311855
983100831
1729053919
301302123
-1384814740
-588380923
-1818203687
1733040261
-1996723563
-1848150908
