560094878
-1367002966
-793198919
-1896896899
626896319
1444336020
-1389067368
-1466609637
2029929285
501813322
-1537416609
982955484
-700825485
1586931026
-276264017
-122537847
876259132
669747934
-1071249758
-1597489495
-788897848
-1550054091
2047828256
326407135
498045163
734660224
963159683
-61075116
2103770724
1074953785
-619151389
-518812290
-828501371
-1946889472
-1061743883
-1704794473
1978794846
-321606665
-391099431
-1059332912
939565158
1189056607
-1686100867
1565017263
-1178081635
1038895282
-392968860
-269393673
-379829748
1400209600
-917894574
21191264
-465176037
847573255
1408506545
209109880
1547574399
-1546052880
-209491159
-1641946766
1136374139
-401664670
1223015824
468811810
346359939
592660721
-845222188
-1660296024
635528836
-271999519
1860754478
1204990516
2008555049
1022098551
1468128016
1755875003
-1690348263
2129312974
-943257017
-240203503
2031489858
436982607
-905627074
1541087255
327116938
571461329
394383748
282839110
1366635676
-2106939555
87957834
862041718
-221385280
623575273
1462650404
-1602151591
250598489
-760258340
1736328473
-805774823
412342084
-1818210223
503993691
-1792709009
-522296510
1197145644
620903421
-830917739
1599800129
-879441326
-263835406
1839666347
667231253
1460133975
-675213793
142121591
-777173522
139081115
16813037
1835169626
176592821
762538228
1002297513
-1630178592
-1238523293
-31710947
-698813611
-1500601457
1446317611
1169985139
-2024760169
-216459631
-524725006
-1128554330
-1955440608
-1460870848
532209997
1322474747
-88770180
-1430512631
-1705806751
363575848
634682555
1652159667
-800937613
1891358231
-623919222
1732039337
-1978748471
2029438812
1351928933
-167340410
1640871050
973916351
1832761524
-1684492733
451101905
-1220087433
-1034100637
-1741838617
-524517249
-1996534931
1440064328
577672599
-1483482889
745290383
1657498877
513558613
197041604
-300335707
-1545629278
1950894288
-1424877697
-786639710
850618406
-674259710
694505665
-715607258
-92226847
1853887163
-1371383602
691714684
-1462835017
572521573
1270042522
796154248
99074183
480510258
-550469252
735856314
1950364586
701899399
-231022005
-2098852256
-676149116
-388910756
-1049352321
-497255097
879080568
-740152567
-1054516342
1400981392
115592297
-110071593
281119507
1287307662
1222188059
916506055
1279321461
-1092323240
-258240735
1502089226
-216150584
2002629698
1248419601
-1444349310
-1058692811
1670599595
-259813266
1574887883
1154214909
-1277376108
938642164
-50826847
-581890170
-1646206695
-1230233751
331964415
741523396
1941188497
907600806
1161496158
473148610
-1535555203
-1916773379
-2024404208
-1456430404
-1230973578
1110065150
-430091052
1731765830
-1464369348
-426967850
1054535057
-547869567
1955597394
922049037
-1108109997
1170289092
199635285
1736164913
-364923208
-1176496008
-1787696314
729713498
510870682
-322073665
686038968
204132381
1131472603
-1511981114
1014125064
-1941800445
-1109243479
-1646302658
6336049
335553126
-142912823
-489958526
-1195625742
1650023057
-506720449
-1943177508
-2102453737
-248328521
172280251
1053725182
-1790269762
891015728
1839777763
-1000815598
-1760401043
1022924768
1711969264
256630822
-512859720
728722947
1522042577
1614285283
-1755967022
485179586
712520657
-1029473260
651438502
-353482793
668993642
1033031228
204123180
-1993313148
896281904
567984314
2006873134
47923282
-1639398367
1876031662
2129922294
1648790230
1627541161
-566235567
405329808
552006361
214783798
1704187476
-1151425425
-741660278
-1390171782
-1586897485
1471749563
1233318627
-1993866832
563456447
-544344940
710357502
-381800447
-1594805914
-1209637965
-1396334845
766814532
-851029649
465651726
-974890121
449605061
-758416471
1035559121
-784797628
-1351098310
1940130315
789652632
1662543942
204126331
1431667394
1119333393
2020516141
1524922942
-206913133
1588834612
1059077457
978070565
2124746219
1841671273
-812809037
591555815
2094579970
-759257729
-915754136
-1981850023
-518519516
-1868673759
-949615465
-609500498
-826805333
-1067059398
52939489
-1331427909
660311212
-654532370
1333970243
103511329
819028435
-388573704
868830540
-1290871398
-1133927121
-101963006
-2113628592
1372844352
-1114794174
1579232957
-1433834815
-665094835
335826464
1027065513
-539925480
1607719547
-212003246
-1598566421
-1958206250
488395158
-1431092797
-1701934063
1274032931
2090169891
1072953456
813278577
477995364
-2110904409
-882869694
1206323351
-895446961
1835354399
-68868017
-360263882
1154945269
980805357
-1285974454
1074819192
2528662
-2114342147
-1964505010
212303032
1026238082
-1035685764
-84185328
1986500539
1417212491
50148213
-583417541
1921036902
-520411888
1703154814
1425075818
482257019
853037771
1598659568
-1411697603
-383768503
-1257991409
2013370143
-160835148
2013960815
-465258152
-1892591267
-1211058302
779187432
1300446670
-947910036
457578580
801842711
-863319154
1486287340
-1672985298
-940092694
1699494775
1515059611
397888401
471303187
794123299
1997250769
-45794407
-1085477028
620639571
-35342007
-1649402323
1840166086
-2030303782
68103601
5596627
-3801347
828405344
-1459665259
1036358621
433976850
2072629096
-593970232
-1998725738
376487018
1627353240
-1174893702
415543486
-1102029350
-1342810380
1724147637
1484169898
1282542820
-1420770053
507367274
699369897
572457105
1532747074
-645173757
-1228807078
1163873014
2140249016
1953077722
-1795062349
37158940
-959137815
1006603632
-234166975
862894245
-1034857901
-1937799268
-877753796
-991437661
-1669522445
-1242910963
-1581797180
1629780558
1171514327
1117481984
428330954
1084345542
-1721896706
266286808
1857298859
-1385596306
-2085628573
867322484
-2103600593
-1880769032
-1870192379
-1134271573
175635123
-304233148
-1019186562
173739294
-1779270755
-1251344840
-1924841598
-648448259
-523954365
798510692
2079071323
1818627289
335898991
-363771101
-1241301809
-1618981651
644323114
262274322
283011668
-40619010
1970828892
-1697760833
-507720227
-16614616
471771976
-111942338
-197828263
1562156563
598973799
2133427951
1401728768
435153093
-463190375
894087477
-685368393
-617776529
1012231293
-2030918180
-1321853285
1372512950
773760104
-1371553770
-1333514870
864729113
-1406178801
-2126284485
-954846334
1447843383
-2017761226
1072540345
-1195706447
-1915660325
-1657842191
-2108612771
-331807929
-335608320
1409604922
1423321049
-1968588975
-503091306
-1386009660
-1886455163
2084520156
-715722549
1547328439
1533002054
1935055599
1872840891
-558759089
-1979059836
-701020616
-748409824
1321773045
-165329668
1204445379
-930478859
745903287
466981631
78475908
1487885833
-369243901
1340704829
544929367
463456129
-1697389730
1057855374
250131743
730480412
-100700249
-1263529200
-122813322
1859695045
1567232801
2109484186
1173431473
-996212837
-856387487
201113634
1981788171
-17736963
-1979301126
1378380867
936359794
1598163431
585732765
-2098254426
-824539764
-1300065690
-1139170733
-968258479
943338376
-255782222
1005260350
2059923830
-1249399978
-918777769
-2133283518
576240043
-1400757823
1372520751
-864882089
1763530340
983420273
1845835181
-1681409918
1079847470
1016097406
-1381125915
-843719264
1093038208
56682562
-439627571
41755813
-844368693
-247681347
-573527986
-1944165456
1658858539
1618821298
1694398880
-285563772
-879256738
1822738271
751354746
-330784540
-1181765986
-1473904324
1909612906
2051614789
-955033157
-1385737417
1544606990
749651098
408579649
668131086
-1965640305
1747766837
1282708020
-680497170
-542712547
-796904269
-2003286311
-394455057
-1837537529
-1556373025
-1938080828
881660857
-839546481
469498561
1250265585
1159510001
-854841029
1929575107
-373581738
1907691966
239191485
854365979
-50793393
734506393
-808234433
1045438903
-1981946653
1245762970
2128702701
1060276540
700247709
-1848613295
-561750323
-885495353
-1666365277
104233297
1414951525
-50634695
-761756896
-2039902766
-955938995
-1994260161
-1077272092
1511563200
-1616656816
786671701
118142562
-1762077478
-1464253376
-1858515506
-1500757211
931302805
178803228
1772654961
-1537327408
1119733256
-1521144014
-75939096
2008521575
26131043
1922329821
-1933804398
210063858
-1624528658
-73432039
39152176
-1702590943
-1106512129
-620460283
1148315502
-1083069509
-1380787019
29322362
2021664892
1057889850
403574636
1279837002
-1795018254
118310213
-2117370584
-780024377
1771558290
-1618078825
-989748120
999272635
-636467226
1137172784
1500449115
758885
1904172867
-1071133320
1668571970
23783387
1554159242
-1353914771
146915351
532590338
1304808802
1645285471
-2057542787
-46243099
1469791367
-2030672792
-504238565
1957080925
-1369107364
639885829
-1136585166
-353609544
-642810237
1908669198
1637628434
-1845483591
-398231303
1263644121
1233492936
44404282
-684913145
-875958814
-222526442
300635054
-992365288
-314810295
-30570117
-582198149
-1011933362
1946504802
-1047450823
-898198648
1058570415
1156858654
253458327
263135984
-839073037
841086789
-2105198503
470879140
-83950000
315849351
1737807408
780215895
487546054
2003714508
-1884949750
-1392589208
-587389251
-7579960
-1786555316
-44797319
-1511737498
449341436
809524900
-277530949
1345272473
40081059
134993513
659866890
251908690
-1215471210
-2036046769
-753198809
602433756
2118422938
40445251
-1476349349
588968438
1085666559
1942482315
-567259729
2144952659
-343671957
-566825443
-1608380271
-1657983134
746135809
-1620370858
955193919
1550474427
-1509883808
-614046652
967866672
1777725706
926025610
1283812810
-324364035
-553254071
1980734584
1016088372
-594744764
-1381295820
-1731579509
538785168
-992138412
744741128
-848286059
-1198004587
1155752927
741636374
-1828259774
2066751088
-2057310950
631463483
-617147343
820953967
-1047264289
1737041063
1003920890
-369185194
1831356234
-1805500377
-1900078651
-1414515288
2041470528
429266324
-1785609075
-125911925
-630404589
-211573463
543342980
-1870064637
2081407725
-165039241
-1257467500
1539037294
-179541659
529029754
607353108
249321072
2112883946
-1702977600
2115158917
1607907186
1990131971
-1657864114
1406728887
1904697285
287392203
917034229
-1427718220
525863767
-769898439
1563479692
1172704703
1140445107
-1246323945
-265458390
1591190008
341953777
-1652004989
-1095979426
552750722
1700343800
-91250750
1397159636
-207511735
-276943324
-1490542923
2139444937
1174246359
505600761
1196401008
2030323943
440169380
-534842004
363231640
346746874
15629861
1298215790
1754948097
-83456304
-2145317211
-332946770
1185771008
-1727276166
1479411314
1819955012
1998779742
316946712
-156938941
362629896
-1256687424
-321816221
1922517651
-1559009146
-1178250663
944592970
107968721
2084214868
-689972381
-809765310
1631060646
1516617709
1508100726
2138002505
651371632
-1701454637
438012880
1896734289
-848759445
1317622438
-104580043
-1286857356
1728943068
-50980342
270926616
240322785
1568291035
1634181065
1013825670
515318818
536493611
691940059
2098629704
-2050749984
1446580760
-2106764728
-1255004390
494686494
2006427032
-932701023
-227873323
1090995632
-1249005204
-585264444
-2109347282
930151369
-551004969
-1069982389
-696807728
1770726318
-1846914828
459233537
-2089343753
