-562140160
-686401035
-1837998638
1785895863
-1882256417
2028656313
1564199032
960926143
1370744635
-996139892
-908535945
2055165750
-636831989
1800774041
1291769172
-548086347
570248373
45786653
777416778
1559555133
-1388626376
1495411673
49153533
-204836332
-1604388665
1012192461
1404792861
972496738
931768865
-1014088707
-1140388876
-57800483
-2031121911
-287003491
50051198
285909111
1152159131
-1563236041
-180493819
-1658837558
-727226758
348299142
1071189908
411907522
1884124706
-981798495
-2084430820
1779080852
-239047503
-1475651652
-833962388
-219458092
-923622081
895256051
-533256955
-1673639842
585623363
1026223071
-2105178662
817331925
-575631936
1733364617
-745440817
804160531
981290035
-164304009
-1810013869
2109811841
-1762544748
1489111606
321521913
-638197911
-1538428638
-1222428333
-1700743296
1878874294
1985332941
-95584920
1533347383
927611710
1533035461
-560033790
2000338942
-756108393
919495736
558573900
-1391312496
1755678951
-1494055470
1073613294
2102925302
639251598
1967730370
-4114800
836822798
-840973753
1069758177
-1928392098
405073935
-1603441863
