-574450147
-1756474589
595269220
572719467
-376046496
1887266479
-1422634031
1578010480
-1664509255
-1957261252
1305485632
-579383870
754090829
-971435263
-947342095
1290425260
120930217
925603308
-737809402
1139505375
-1467736837
448671443
1346933907
669806788
-74239377
1267826821
1395242290
-431364208
190854545
-1220090450
-60849240
652065162
-83502932
923448876
1559658653
1360843823
-247298957
1699275320
210985077
1674184146
-27868692
-1069956977
398281970
-1265976566
404743681
-81688515
1882450143
-218027836
-9565980
-1554214882
-34158490
-2039269808
538519385
-1117251475
395126656
-317240673
-1436442664
-311693960
-386078220
-305475361
1784314758
-1242991877
-1237741351
-559039032
-1012473963
-1694426653
-634864496
249507580
-1026329954
265755816
1929764822
1659161821
1289762998
2088670856
-1893304978
-94106939
-767463101
2114688025
-738473889
859675795
-461956325
-1942665409
-485124866
-1831524167
65206200
1579841231
1245844578
188429002
695712464
662610973
-2118793426
1355424568
2090111974
6239015
-1976514322
-1360449059
-900416969
292944369
1301233696
673072162
1894211374
1805585593
1093022144
699651151
1492049279
-1994242224
4829562
-1441984470
1664621781
1192102846
-632030597
-1790901775
353395985
-1888618233
1995666493
-1698014008
456938199
-1365177104
95775686
-315368027
-1108427303
2070993145
-945514853
1905837958
1974160442
-28770393
619507886
-258586917
487172899
1771687679
-2125008883
874201821
-117384179
595735381
-231520741
-1211404331
551983486
-1090751000
-1372690299
1315853093
-2028618306
638016971
-1923360613
1332877042
443966829
524197168
393326339
752012659
-200345125
-6250804
-895552244
-765921656
-180903177
868691312
-1655824753
-5860308
-1953311655
-839184455
-401094534
-489709488
1512799811
1342169707
-1112935261
-426179642
947618851
629880983
-1087883028
-1792067576
579877050
957649097
-1630705964
715875900
-842442944
250159884
-1871994617
39915613
1396794424
-1743560134
-194271132
-1709515687
1041449011
185358139
124008884
998602671
-1422666135
-491899289
-167603739
811392718
-188292908
1526461430
-1357379418
-1874436879
938754814
623692036
1226935292
-1500348964
-1285273826
1443122359
516707685
1608794255
-1481132197
-251078333
1160427602
-1721349230
1937787622
1811558710
469652551
-1435608096
178271486
-2026447351
-132701909
1764647535
1882678685
-1635372780
1272919549
2127589973
-1190007704
1898703917
1631842646
479926001
144426228
962762770
1843433043
-1438858934
-84485402
-1064466264
-858029407
-499284578
658273166
-498860614
1977133422
2050103716
1385810689
1861195662
-169155841
-1149324444
241906261
1360966136
-475831907
-1117161682
-1566034667
1950163262
2075334952
1965301867
1442479667
-1381427288
900434564
-439002802
-1821407149
-1367494940
-1202120983
1630963405
2009886892
797031026
29138173
-1008501432
-1620989747
-1551149622
465250947
-1495951534
-501638816
840987899
1115562290
-218228628
1921685063
-2002425751
221219907
2056511302
-1607555353
-74183615
1407274665
1236442609
-988129912
-1381314537
82840669
585905089
-379509206
-126395755
2098397861
890884608
-899811786
1252300365
993230413
1980926573
395717104
2127760545
2122647419
1899586251
1392241114
-1818869395
-299251178
1687297211
-1694938391
563552945
-1560289044
1366163460
1590917166
-891821378
-836723038
-1417448117
391034416
1828631046
-446549966
-1224047852
621021987
2022514545
940084048
-327189098
-1574034442
-1463844129
-548209441
-77319747
-1831077825
-680436934
1390643114
2124726687
-456726994
-1131992684
-1449270941
-733971279
701218259
-854833262
739055303
1158422728
1226298693
-1969654999
500721982
384194847
-1256642906
-1502191875
-1203389753
628226974
99180633
-1267263748
-520703888
-757494037
890610496
47739400
962161080
843681377
1645395342
1942513689
-868402703
-681554814
1193544950
833944193
-450268450
-1077974914
1821324227
823889206
-1166550190
-687319739
401349232
-1251726996
1743998124
-2131417118
-392215252
1505093058
-1798725603
-241107699
773729479
-1968896652
-1518306678
-479415444
-968378057
-2090205584
1712410729
-451394189
-1358672785
1932077283
-482757707
-802001496
-1012615196
247093193
990641634
-1413725262
-1217315484
613231895
1269162097
-1438365762
2076701336
86652204
-2058030036
181893525
-926697857
1879542516
1662415620
884848037
256265146
-900193699
-997553226
-906685411
138742722
902149393
1268745143
-1897697364
-925608695
-427449831
666534262
1632721436
-1594074327
-1333902634
1411189676
1591684308
-853451894
-1627203593
-207342495
-882419267
229904579
2075403298
-140049825
-2111962094
-1767236215
277717032
-624273937
422466276
1813375168
1300636146
-518170487
-1208340712
-307918106
-2131441381
236505458
-78387551
-1238038454
652854652
1469339139
1691950254
-31157572
735367825
429985137
-1093617920
230632195
2037825730
2058969238
-1516632484
-979438142
-603246643
1260678818
1294585059
-490088359
1935348378
1374613486
817279965
206359494
687157787
-102938660
-1778014232
693817385
-1780569803
-354597679
-1570042634
-242806116
1830540961
549378522
-1101060319
825133161
1199430107
-635143085
-1547026755
2068958353
71997807
-1583597954
-1463958788
-1151006349
-258800944
-1592705448
-1377127268
882771474
-953594957
1661684531
1866314517
-1254435626
-1218652265
-344764617
-698615979
-450691798
-1500711771
-1370783484
-540706730
-230033976
286397024
-838813736
-866691267
1510331731
-2127571982
-798569526
629422137
1928399117
-1975965631
-1085765419
1650583503
1248887978
1833361356
-382365558
1390693051
-123961040
-1887484332
-603572557
-2133496722
529809710
-69639895
1631320229
467811216
39630620
-1567076376
1403015318
192671753
-1071213681
-876125613
1889763003
-700987951
-361831341
-1397265838
-1981268915
-792441494
-1277487248
-1901908394
-1390909190
936657539
-1664960645
100345267
-410992173
-142210293
-539491745
1901953047
656104419
11352516
2026769338
875567605
1001885994
367120599
-346336428
-611273942
1787796439
-252213859
-1117735297
-1744489053
-1533665352
-988110770
-479164423
-2037512874
879236655
618973054
-778731378
-765789168
-510304653
-1919731393
1033758188
864796320
1660490001
-488573416
1377246587
379116139
418770698
626025882
-1221138726
-1773592401
-575659435
1142621218
1322703002
-1133563399
1026178388
2130274999
758689119
1845497962
-1705480556
1400488095
-526525265
846918618
-633703656
-487987526
1491007009
-382748384
276685811
-703108932
290442444
1360232075
845802131
62688989
-882240624
1080836559
1025744373
-781205419
154003068
1274685601
919306555
-727922464
193129337
974748526
1735131818
-996853168
-1545099484
-1575188593
-776181604
1399692320
-1719375197
777373363
-2005821994
743330728
461329973
-1588252812
2046115164
1124747804
1176648148
-303860468
-448561820
1051565870
-882177966
1088023006
1857319055
-438702169
1138392893
-446945369
-1769437699
780352488
1773523485
-1566389026
-1797528539
-1730317396
749503694
-437061129
-1252157001
-771600956
-719003482
2037785782
-592021564
2029191589
-977169424
764882964
1749309446
1867805568
948075964
1616462613
727202942
1367512566
-310236599
357622345
-1961811631
-568532902
-1833917808
1099393710
869695531
-1536693005
1264963793
1572493791
-536807670
1979214799
-883472387
-442435321
-142168029
-138962172
-1415132190
-1655615318
-57246870
570991328
1690269213
-697797023
76263382
-1368425015
-740942480
2010235587
1922750844
1970720373
1817753474
1182892099
1153241508
1787589252
-84264566
1058303243
-1083825345
1481976818
-1950500470
369070960
-1846670531
917352122
727593644
1355489857
-479361795
1836583909
-1905390375
88375155
-1810630506
-2033190153
-1992427117
-868307106
460110392
791584371
1699719261
-40594771
1196325658
-342304722
776867218
966092875
-681340535
901626211
-1740765490
1367566712
-1134602292
-806803927
552136640
-3185679
-265747195
-352734300
177755861
-1428860442
1998919480
-339820546
751271735
744593133
-701348903
-632993421
-111945877
383419447
-863733454
879091080
1505557290
44972800
1665953190
1530193726
1729427174
1516607813
726483152
-2102360209
1809366349
2136785321
882501135
161792367
-2000794632
1009523501
-30965948
-1964687300
650764938
351473243
1920199215
300243707
-24734099
1964030298
877453686
1347882195
-2096745521
-2060416842
1318548666
-483934405
327811924
268026519
450244532
-744217036
1834318880
-2099135040
1047864140
-1541282673
-1017226492
-1324669318
-1461076511
-519979243
1782425041
-1223213193
-631205078
-745659373
1571976633
8868082
1518472881
344519837
-775979636
-13764820
931664778
2683463
1930248109
-611205997
-1246011550
170967882
-1558678045
-1149382569
68549147
-1653468987
-342081309
1426510750
-2089946850
1384890493
1372499750
-1338888032
793873284
-1369050080
921083297
827198553
-1970950127
-163711003
879640981
528937882
-216074024
-2065786325
-1587259138
-1769641676
-1637009377
252382363
-769762160
-1883112841
380157386
-141562909
-1456402773
1685855033
2068255097
-1547124265
1650228573
-159926863
1924190327
-194562014
-1075983971
502309207
342378610
1865986098
1951110897
-1948648254
-755291582
590060693
491544852
-2051935748
134780601
-1320595375
-456960834
3848351
2114049691
-1304413737
1090770218
203287387
-62606667
325181113
1610627469
1972491283
-1391100199
-1540358839
1031119664
36024238
-1263475941
712951031
1791328732
115033562
-1497516306
-727681031
1399554959
51429771
-1151921425
817417541
155878882
1227870869
14963855
1447061231
1414733375
-743777158
-913315527
-890334190
86093930
1349339384
-921255047
292957996
-1604996377
1492628213
240409190
1157692356
1664428059
1963512525
267815452
1894006158
1817614334
978604226
-317840119
-368662969
414804853
1493862066
694842522
2035770111
-1322905469
-473939586
494195334
-1272567838
824830186
-1693587511
1754802300
113801172
-1541724311
86952535
-303997127
-598367184
1003656732
-2056273470
722871516
-719050511
-475844616
-74117670
1713689148
1202717142
623183757
-216439259
465877758
1888033826
-1540699335
-1862281055
-131566621
691378370
1246710946
-540135098
1257825348
158561913
-519404013
717969077
2037843583
-705816433
-239849990
325049802
-392906942
-571413789
1254470441
743782687
102688952
1803831415
473931132
1279435869
-1031201605
1825023939
-479500031
-1132195923
-2075528349
1780786301
-742853613
-1921014360
-1644088713
1078975578
502380364
-1538702498
738721595
709923392
11055017
-1458631750
795513253
-763354416
1246223281
533237069
-936848562
515640509
10133420
1399049635
1663823614
-486873689
2001077470
439164343
1975060939
1007777537
-1008066092
-1283711454
1881700852
462768393
2136462064
-640535660
-1660038487
-1942842232
1243292773
-1930646105
-1694856344
-440156043
-273330203
325596047
276089310
-1186372057
1463214708
692425855
-1055860924
-1088314444
-1336239679
858484532
-1118938066
-2068887970
-559486284
897315651
753424082
2136849631
-1772245713
132756793
846475137
1647202813
2015519430
-575734683
2050622074
493558688
1945945394
1336205505
910029930
1853401302
-2124086449
1058756043
588825215
-1021042679
561562152
1717131672
-1479970578
-1155648258
-2110000010
-391878385
1779057506
730560903
489453259
-485901345
156914949
92739923
1281303449
2079853441
-941583607
-2033848900
1553641851
1701504346
-360059928
-46563436
-740473445
1087141806
1078251052
-83110895
-450088249
934471888
-1611859354
1137869635
1488668777
-870520848
-1065264930
-717714205
346002660
-48384419
1643091638
-128764845
935573728
-1000909175
-2072171555
1533047707
-1494197541
1538708039
-444026798
-566072610
1401683832
262402143
84811902
633170534
892001933
442904780
500690705
-871253051
1958594042
-924409016
1017983496
1152108532
267340662
-799682440
-1251975426
-630276369
697491021
566822268
-1356765319
-583481267
184338673
-1405948298
137440659
937441550
-1166948864
-1588799079
-216712712
1240860840
-779773690
836798776
1287750046
1574613662
1734020162
-432480737
371053412
517254961
-114395016
209299723
-607936726
-1606510870
1529002863
-1811549918
-730947095
-1123591120
-1484702464
-945193753
-1742295334
-338813778
1808445857
-2145045494
-661233896
-674059204
2035087779
959431706
-1500009320
362781585
-1362379624
-1153140672
683987094
143336416
1191210144
-76075533
-1707384935
1926082850
1108549991
1874444250
1305940443
-698879692
-2120892962
1154773275
-345744085
-34867754
526069723
398889588
-1946652391
1424548271
1109828091
2080695438
1058968848
786820862
2028710808
-393612751
-794358760
-882290729
-657930405
-1506973458
779342148
2128006203
937264584
1378862754
1938049536
2131851464
-1360561229
-1786618039
1279553469
-843930731
-133794005
1532182660
1055032912
-657648135
1557203030
-884603618
-22646168
-1524905213
-1967940779
-1549798438
2100658537
-807756109
-223911800
-1210975148
-1958846739
-1065966909
1543101040
-751714251
-362624659
-134794273
-982307694
495438026
496900120
2005416582
-1147688761
1660167518
-881298922
-250636199
1359500477
301115109
1099970406
-13600948
190656268
437361202
879891321
-701703003
-659959835
-1372460409
-1956287694
2049687072
1351321907
-1205487129
-496150342
-946249207
1227991522
1164334365
-747693902
-96887593
-1112858595
-740130461
-1664660676
1127820223
18384025
-595236792
363015352
1909683168
445912891
1208737441
1282517235
1359274678
1978802395
1068528214
1411638338
1255279156
-1730167783
-1028838406
1526484291
-900434907
-945531263
711197053
1111274949
1993357311
1225640673
-1643745093
-869846057
-1811870951
974509154
-2065584475
-1535654759
1360894157
-1561244368
-881852166
1855666434
2090351466
1632027956
-948055829
1612652743
-752616981
1185059643
1908028178
-1170008125
1417567449
-1838032858
993382570
936475147
1582079029
-1321254124
-1801724246
1761085930
1194620935
-281289507
-1071185025
-849794255
-1160515072
621586467
908315242
1094062823
-1539262018
1316522088
379952778
238110229
1969618201
324729352
-2069603537
-91084660
114531923
1442995357
2010405991
-961791576
1531786736
284897797
-2059229050
861790332
2104284629
1151943641
-975413456
684289918
-1657231279
962596705
1559747752
202659211
-957980388
-271563237
995110844
-394033270
679063026
495659073
-1476509688
994100803
-1902041719
1098096528
-666864919
1337037269
-722953452
-1445448973
-2105268464
-223419451
-573453947
-1060212296
27245128
-1743874279
170352358
1397448899
1962379720
1942691526
1587861146
432509415
1699744283
1003680222
-1201938678
449948782
1655269096
1664136012
496375325
1709040736
-1021141378
-1773956999
307921708
-1007845453
1535757703
280764273
-1022580428
1350231335
13565724
1707099066
946631364
1659326503
-1076908963
1176634541
-1839748244
798873346
960743006
1429332874
1928206604
-618385577
703967678
-832771771
1386167699
165806810
-965164731
1174548751
-859477362
451605716
-167305075
728742248
1817104635
-1051413683
-491380865
974583922
3159380
-402784963
-446973503
-1216549616
-578058664
-1608539153
1307985946
115387086
1997360357
-1110684111
680366304
304583530
1885213592
1503673269
-85996644
345288126
661202622
1513965927
1229583216
9469768
42475941
1171474529
-481332205
273459869
-1016538807
-1595240499
-1090183917
2109293942
1659488856
-1653338005
-1150234280
-1599640489
1779760821
1210305833
-1003819762
-1016730099
-394095459
-469787301
-1448353533
1749571143
1508271066
-1589098218
-973972785
1727111924
141073628
-1487800511
-552606498
298319752
-411989001
-1326391247
2141598557
144240065
-272517085
1066747044
1192230587
1018970804
1013151651
-1423766190
281515314
1885046808
-208452794
2134392927
924292167
140085450
1214154020
1931357658
-257501070
-1010409229
2067592447
-236487919
-2012204610
-2009576604
-1552239126
-954020199
1197734732
247101779
-1507474514
65875614
-1649628882
-1199217315
179664923
1233051995
1485071373
97682264
-2091733761
-1667971446
1152600383
-1662922968
-614051879
-934119459
980397846
1920436447
-2050077586
142877536
416757831
101074949
1176433282
1658791689
-70356506
-2108767245
33303404
866465834
-258867433
750994286
-1115330343
-357345354
989805494
735211893
-1041430061
1960661667
-2097919801
1375825463
-2040420736
1520190204
324155824
1151196776
174513112
11847570
-491397993
1379645156
706273622
1007735341
385669382
-1073332063
-534672847
-600317533
1199935910
-1180914655
-1565815767
-1401028740
-1612613189
1737568436
986149751
-1024579645
1439669606
-406051725
-797713930
1401720449
-1144544063
-522697619
1060160919
-1289485872
1834952983
-1596088312
9916639
306054798
-1920082255
60165445
2027554618
-816905877
73505130
935079679
-626069533
-329021484
-1616494708
391755301
-2045022905
1224472933
1778118656
-1246819923
889751787
-210612005
1044439304
626486406
-1990504573
1019644598
626280452
-808324236
-1850656720
-1496047674
-1460079406
1732361436
989610952
-1574115090
-826411890
-1764457339
-1503483712
1234895047
-1790599374
786913016
1013355153
1579664431
-1206250627
1234887697
-187082577
-993638644
-1912297581
-2065569375
-4237505
978702573
-552054400
1554321066
577486138
1752559321
322104690
20559521
2048078085
-634090444
-1507708248
-323471956
-1487810235
-1342336364
1424146698
679221801
-2020205610
1432604185
-1317545630
236526743
1999387707
-132933213
-1351039463
284593915
912887338
-1335840411
2058351727
1986822482
1426752543
1350827556
-1624537446
1358820031
-1413071358
124088683
-105655174
1466670756
-1197951313
-22332876
-1006052341
-1648646953
-1615921515
32239249
1018891916
2049763840
-360197692
2112781353
-578823117
111637299
248202636
-553593192
-1315424454
-1388324734
309856337
1941504297
-429645349
1710659168
431866590
-368778760
284520165
-522411965
1190794757
-1801364454
873180580
-516692717
1217556177
1085578151
133553026
1655713219
1072128025
-1119808618
-525319301
110783097
82039846
1884654407
597077532
-1853964242
-580233986
194806781
-1151256949
-984405214
-349128961
758994916
82286709
-1395513384
-1700047821
200985993
708109056
1651438616
-642661612
900632593
-78678602
-2036523870
1954835740
-1639800735
1540432138
1895972412
1300701761
1001333097
1494798053
1915819865
1259308148
-960246387
-2019473120
831973994
1068111805
-1054571306
-932933602
1848925810
1465262486
1777928375
-1771450942
-1706442967
1161930165
1389274406
120894242
462225906
-542519188
-1943987755
428667718
1937365063
-724831605
-1372248989
1763549529
-407413467
183709252
-32848211
643102776
215269415
-765916521
-1846634104
-1206513821
387648075
1470519234
-1674387768
-399718906
-2121860746
-1535953038
977800764
1115773169
1943709323
1200246356
851973298
1448608782
-255787560
-1092448781
-1656435557
199807640
1640100057
780672358
2138606279
1274019322
1450621185
1462457225
-1012464222
750194545
-1171704986
-1708209867
-1699189365
1226371816
-1812662648
1527940460
-50959746
-11343712
1635668947
-1426078994
1986328619
709905322
304620426
-850334462
7634631
-1048460324
-1388940224
-700933138
1845823617
2014685187
482801560
1355152627
-618995872
-532595669
215530173
-1200474450
1678529824
-619765159
-1176204996
980656904
-1965054536
-1008391737
1089587114
-913187905
1574260872
-808491261
-1528265620
-1508842271
2048133624
-142781281
1609595143
-914654919
-364853845
-793129567
1190131412
1191695213
231384207
-252693203
-733361044
-1395751881
-854319423
1432988721
-1641400148
101558160
-1828571257
-1183132965
-2130716642
1049316802
776032522
520560320
-24433407
-344884652
-737602688
-742402334
2110475818
-1451658171
1505033804
-2009131745
-766559168
2035665163
1634877760
-1922893998
1751151303
-1680029624
-1629461614
-1027130173
-830341401
907561898
-1285224742
-991180580
337009158
-2092020609
-656162551
381403
-1029517769
-112273400
603274190
-407080181
-2121039227
-1210766998
-253280629
891892260
1476776086
1061503300
-240222945
211795608
1733985108
1220349528
324784204
-2080827954
-584435419
-1055519458
1163391313
727308663
-1279656246
-1641661317
781030742
1765281847
-1605872293
2066698747
1008768120
-69882587
-405995495
1706562989
-2061673858
-1246814993
-606448577
752993421
-147177560
-1608543088
528096998
1840623447
-285096349
-1379167195
-1840509382
630184788
1201572983
1716467722
-1012767315
-966229493
-463242693
-1835102023
-1649395985
985622336
1593292793
1396198600
1837954995
-1197334779
-1341386905
-1282238945
-1292696294
2086316005
-334692070
-1306052939
-441155458
-1300228454
-336331450
1446575934
-782756183
885586153
-1389585849
1826666203
-1214266619
-1297621936
-1675899598
829375593
-2056209313
193358995
1159214346
148901763
204715688
-986156124
-1418203052
1002871512
-1101173760
1718965303
89070917
1182101007
924064965
-1228730001
-1337255939
-30566356
463488680
-1370943328
-1301719244
2117529471
-813706365
-721397510
1969444074
-22355991
151054548
-657823588
549254133
871586587
-278957585
215228607
1097583039
1679181583
1471981771
-1817853329
-1071215690
-1261101029
-1298012930
-795466427
1853982661
-127759319
-426364872
1971290740
1705672481
1757706161
1424236693
1129868545
1182068837
853385159
-171430081
-1089209159
-791805526
-857126467
-1198616915
-355366256
1107369043
-858836702
-1535417925
-1832789143
70709199
-209574177
-2050365807
163604088
-15993922
-523314689
-1233043367
340535031
1921107773
6944141
-1224406807
681276646
489789659
1593608571
-127467680
-651141214
-266611194
-1146374546
1656097804
-1428485511
-713337142
1334987595
-1868816045
1792806103
-183932933
1353999564
-2108706732
-1694799386
-518379655
1701806577
317846177
-1764043792
-1772676484
1370248083
282741185
-1831652212
1743766088
1750514904
1225949092
-614488796
1809351537
1120044569
1467224106
658520101
-1495373532
195650100
-1389463206
1473233398
2087256087
579794034
-566070387
1292974258
-953526914
434533096
634309138
-1829257926
1625460784
369645446
1278900027
-2061909784
-1607128862
-505146844
-138562409
-1181338939
-1539079002
-811075110
1327736416
756970609
-1103383551
-1213010542
-912068810
-1394477517
-393825460
-1812041327
-154538640
1033812039
1690271644
-603470094
358026637
1882621956
63137671
1478373804
-1803641191
-934998305
2142556185
-1995657975
-426154329
709000905
794156148
1093783754
1639530696
557784269
397639951
846180066
796179688
-2124320394
1880262394
1453431123
923393973
-656984264
-1819057087
-361717962
1910310355
-828422245
166003229
240782492
-1989323316
-1113188711
-667967054
1210410232
1799107756
-838618629
