1664347325
-210623305
-571612511
565393447
-556225953
-1880398690
431594199
1158065870
-1484682611
-1948986718
1242776848
-812366015
-1232041135
253871069
-179705842
585046087
-1800908293
1102956981
799516025
-1010800842
-1676094735
-906544142
1651056572
-470093925
1367430122
-1433557325
1879475362
881569483
872593308
-1349046328
1949360712
847258609
648977419
1342593592
-1220221048
350929460
1359349136
782813226
664597521
-52914961
-2006960666
109221116
-924609998
379061068
1716550023
276969941
-1323867510
-193345187
263287555
244970718
-114471564
197398192
-821782834
8122127
1269376954
1064410547
1214322378
-606677206
1096352013
1917805186
453237100
-729333086
1157736804
-588775576
648604524
-96865585
750894408
-510989636
187579284
-262522414
1670277395
1938964835
-479771282
1878984318
-672636544
2105048797
1646783400
-2100005019
1912600609
-1485613349
1662750113
568416289
-1746817714
-1909717345
-659942768
-960531998
686661899
37992440
73843038
-582029996
-2021094616
-687707453
1196198184
719137163
1219789336
-1926292883
-1349675382
2033515555
870003963
-310620310
-1699741791
-1016876414
-869124167
-775833310
-1759805966
-830206919
895253802
1845542647
2072718147
-1480556818
1328308939
-1203769237
1235987018
-1974066806
1607672750
-77148778
1745981418
-1409015925
-768279779
1828800326
1877119579
-1591385169
1139720838
-1286200187
880451072
-18159311
285233339
120216341
-619644735
455833532
1524165195
-1196688836
-33547272
-796990766
1099535786
-728736609
505111670
1464997331
-336907930
1063172435
-1919672030
249982285
161670411
649260694
257787957
821467987
-302051884
1771886655
318906165
-1617951298
985219999
839306305
-2128619109
2064201636
-1517986196
608626457
-595913467
-513682196
728012975
1256674632
-1700862360
754672878
-2008539516
1797968579
-306179869
-1638804389
-941819982
-1898299824
-176422674
-1246162875
1239770095
1679723949
912690720
579867273
1207646118
122883193
-1096751948
917593850
-572723508
1209246425
133480784
1257336190
1738471622
-847890982
79566006
-1302180727
1119598921
1493623574
-1495447292
-1121491842
-2077983181
2053563756
189654816
-248066671
1972190138
1770869686
1040344951
703657324
732169623
1866840705
-1731966425
764128201
714707945
-1869913534
-1588831795
415061931
1284093907
-365463920
1688234607
-1510603294
-1860117575
-2137458712
898543410
2069179023
-1096706593
-1584057184
1636728541
-1102921346
-2116612485
753785748
672630450
-659633373
396955248
-465751095
1459889773
-1000205920
-562655037
1175945746
-1394109529
-842825885
-612443558
311293598
2146751863
-1173480214
1862492869
-1539055663
-607124187
-952309774
1499672460
314713314
-1672503399
1518875638
206434663
-120068885
1223506270
381863890
1893014242
1541716042
1237778479
-474459649
1523836373
-1207391770
1095927223
-349121449
-46734908
1355289676
-1702816258
-778133469
-970062550
-661387981
-1988796386
1738781117
-962186621
764075786
2073665373
-99855041
78002851
-169919136
1811949939
-2030819570
-1301204721
615376822
-1496910826
1446346794
187752551
-366177751
717734217
2089808493
-1451733908
-177461794
-669555220
390161182
828693306
-1259917631
22646255
967521611
1185540111
29274269
286095156
92521338
1600987220
-2039458564
-565824752
-450139869
1772573238
1846483048
23945905
-899521655
-1236630007
-648449046
-52869197
1568275891
1394330624
848331949
-521073584
-511916215
-31023927
1311895522
1112028054
1008323160
-256211320
98472405
-138272207
-1414043220
1928873453
705931429
1167804712
-553660155
1147935721
-915682847
-977034415
-191080094
1093430933
802825396
-1386913831
1239581925
410299802
-1172860478
733269731
-1334954135
-766912375
947500079
-750010009
1275039508
1248865179
-1443251136
1869122205
334019731
-1952048999
-1035203987
1771530749
2110243729
-1706332881
195198258
-519273566
1316288716
-703315396
502025172
753038162
-1610254606
416768670
43502877
950186276
2099461506
1400809689
-1081104967
-2054420831
1660978037
1647463196
630970023
1627088709
1541229923
1893620373
-2121095133
-1773704290
281384590
-1713249658
743556075
-596466777
507542199
974530023
-1703450846
350984369
-1574892404
732194703
1505719827
-1310344194
-902098148
2024569032
-587279663
1042349560
-821332949
-2049525826
394338777
272990790
1292786707
1057749858
-1961064492
-1955119685
82140902
-1986260971
310317625
349961588
1836023770
-1140123201
409037931
834167850
909854597
-637222232
-1465750807
-97746375
1002677607
-1218247492
-724689668
1381582476
-383149522
-1224815600
-1382060958
1353909632
-922928971
-889468135
-2118605242
1233394235
232245767
-2015280649
-130990417
2026524610
-83564630
-1202876889
1615441163
-1418081231
1219356864
-337191746
-1243983366
-1121918769
-1694104575
-1925635693
-1501901910
426709582
1633355660
949196241
-932290435
1925671329
-776416113
465599185
17137590
-625058980
1096516038
-1771542562
-811798248
318645792
1728337355
-1300679689
-138562083
1382297981
-1039711211
748716669
153381995
-1644836789
-256887226
-218073498
-887421769
1274673870
1895335310
69981615
-907756450
2089428131
191026609
-1332978499
-2055957343
-446600170
-1138172530
2047606096
57295986
-1198699781
1698841265
1182331737
-1750766292
-1651438868
-1619911254
1913725254
-1714351591
933346366
448802972
995633736
-635351454
-199072711
539672378
570635894
1595088029
-1092639299
-1669012169
-1594945446
1049166829
1750680958
1604805207
338789588
-2060035282
269955989
1710480037
-1501363331
1264447543
-720112764
1047741002
1387684565
-1770908050
-856080371
2094470505
-1564819126
417859215
865125302
-130920728
-1367028422
64767882
-310943823
770609196
-1598001883
-983587518
1595219404
-229193890
313412179
695349295
169695022
-2041505702
1188771273
-827672855
-1010121694
-1523349176
-1903112218
-1854749959
-78868560
-227056000
-550867559
-655590931
1273297848
680537692
-449133324
-588047639
-878765143
2125283081
-1034395054
1143499161
221027458
-2109116079
-1607450365
-924975798
1637786270
89316995
2066339382
423450059
1157501873
-23274992
-292675780
1116419613
-50970745
-1382083483
-992965642
1777640958
-373684187
5884612
-1275654090
-2051184357
1787926594
490166348
-1292246155
819271046
-1156301397
1673263761
-1416096045
-962248954
296043805
36661037
680666114
-1386372573
954159110
1426919082
2042620897
-1417827259
-1856478562
1458612206
292013708
-259660481
-519357017
413125740
869323643
-1942659979
789983536
1683776587
-471251470
-1800940084
943157357
-210328621
-1774446997
-1129805181
-1179560787
1275256733
-1434412989
1453781736
-231816345
1167313693
-352577229
-976369502
1031852959
-1143198359
-505932350
1598481803
-1695936554
1421613727
-1586135810
-645191506
-1146877979
-1117172334
-1220988792
701483628
2101913355
831580471
-1375573948
-524954860
1796282316
-1323764398
-2124067116
1521486308
-986720939
1623709425
-519102761
1549893598
121148781
260127636
348938040
1608191481
1040142090
-353907565
823994883
-1834845502
-429646464
-760658406
-664563568
-1971257362
901264365
-1295373648
563692634
154569986
-791428085
1765245652
-531668340
960190442
1665750358
-1788928582
-1481316657
856997868
-1758371019
-2091678725
-1729382447
-1682209050
-1494992504
1201513637
6517500
777514608
745299974
-2067276033
1650895325
1503288495
-2089431615
2144918131
565667879
166902201
-237190700
34107146
265723958
-570783154
-2013619266
1854492943
-1074378983
-238244987
861037339
-2091411272
785944169
291104644
-938528691
-1619294049
-1841617914
823363303
-754229349
-1296625426
1612856546
-367516898
-501576277
-1354573570
-234515739
2012633235
-1073816890
774781090
-1224000438
152525486
-516810655
704675450
1171663707
-1630764011
1939427570
-1504121627
1227253569
-152608213
-1049077593
1960060879
-545118334
820810492
1337506775
589193205
-1622124513
-316743208
2088513776
777261155
1913419044
-1737686668
-41281214
-1605160298
-1877769713
265456880
-1826276864
-2055864354
-1534869967
2080605652
622919855
-263131135
-613284853
760492011
1509724722
347270473
-43241199
-1400619105
-702432898
1197494784
-1663801933
1701379108
2141069547
19368081
317468567
890774251
127361293
152611144
1599240778
-1896880275
-1216363950
1595520608
364667080
318737431
768244951
-1160231957
1538053593
-1909186999
1819107040
-1023049172
-26541819
469430211
1430671818
-1809769850
656950917
-931601204
-534854812
-235974311
1244955243
71708299
-1080063313
-1852776120
-731103926
-1223224634
634143898
1754494732
753257967
1870835542
-254164407
-537024946
-1893328980
-1351658949
-133680110
1013883782
-1912883985
-140900616
-1438320004
-1699803811
-1930982639
1853626943
928267493
2056899858
-2008922128
-2130462080
-148304762
374256358
-446883390
1679219934
-905768554
-43458036
2139998698
573315318
-2072448040
1078078732
891175299
304633181
725300654
-1961826930
421110157
1259131849
1910031660
-452460670
-317413312
1059590296
-932366307
-1670496674
-278678976
-1683170398
730964000
-1208350221
-1302914614
-1690274727
1316666927
939977725
1808086413
867642049
-1970272594
522710520
552891198
-1094552774
-1916180452
-2055880798
-1578421463
-1075313012
195474958
-1949547511
-834720938
727975340
-2117386365
272881695
-830588262
-1533517750
-1490994939
1914241578
-703098993
1549338297
1801240137
386284030
601543429
-716135170
258380578
-1174834132
-1493156274
211535780
1977464875
-1710695623
1347045423
1553006212
488833686
-274476334
254448168
-662963398
-911846784
679428765
1676057441
-1283953306
-1542763867
2010908705
-852182823
-1855257479
-569243928
-683548331
-932319632
-997803052
-214706762
-1943127055
-193647616
497134356
1444381198
1608610691
718641879
-992873008
-297401858
1777767363
1186651866
-518278215
-1558561368
984074739
172623885
-13715579
-1972704491
-1816611421
-1303457250
2136069725
-258147177
1069478446
-760358700
1562434751
-2007250691
-1962831059
-859210942
-1671410682
517899658
-492740420
-1982886727
1220263762
373052489
-477327132
2007354319
286936784
1523327735
1536628711
-103400783
-248331703
1060667812
-1261952275
232890120
-2106968982
-2104482252
-119068992
-815994318
-1497836394
-712025093
1530177880
-510281397
620698601
-1612494754
1117826997
1952381895
601921319
1615480617
872163896
1909082400
-1067822923
-1015322619
-1279384215
1670034271
-1125543845
-247907128
85154790
-906850018
-1482194414
-470427169
-1038412212
1160497813
-730356269
-1352734845
-1484472786
-925481625
1506513426
1563238991
-648949613
-854066986
42364149
-791505398
-907087737
1857907436
1425253938
-310715100
-419342724
269272471
-1662469905
131760269
-1578209344
-1579641493
-1897674176
723503844
-1337077694
2049036406
2069444174
956216999
874509080
1096705027
2076359786
231740352
1819359230
-1928515839
-1374388887
-1801900007
-1943876532
375810246
-1263549809
125156028
-479132094
696304222
-1896218336
415282767
1629021712
-2111969697
-1818365741
2069215182
1124557261
295967554
1345952636
-1639826506
-401543453
-1702561273
-1017986323
-554711591
-465313142
1427974308
351869864
1350757882
1678014639
1234948421
-201679657
718527491
-787890275
846255951
746491099
295785807
488212146
-477508625
-1975668518
-1089245654
1132334772
-952300317
-468958835
-1714678227
-155579888
229037694
-263243203
225559873
-423644298
2057780259
-349422201
-1351973139
2094048479
1022999812
-1013017371
-318458702
931999948
493817800
-2147071949
1582067001
-1757730951
1473715564
-641118002
1312334273
954753333
2088161566
-519740899
1398092486
79339097
-2083122004
-1099950356
-1621487870
659457731
-1148310886
-639230497
-1514001604
-932622895
1013332409
731933857
221377111
-1714751129
-272934936
831650692
-352898155
-2069006163
-2041936145
1398835549
1973187358
1225272213
-1417911729
-786262544
-848586204
108777167
-324159190
98536066
1570089959
-58380869
-939976958
-495698604
-112026677
-1792290235
-1406855924
518922298
-298455913
-603543531
431990027
1268288269
443000876
165607270
1608703491
137582228
1492414704
678141078
-1171562059
-55858680
-1033085429
-1582826434
631597339
435334223
1419838352
-1246427773
382247077
203080022
-164560902
896726804
2000238249
624720648
-2016241527
1336508218
2000931773
1509728772
-2114083899
1515815418
-1943758818
-1949397000
1919760084
1235229178
481795500
1287304636
665822710
970190542
-1898267450
-1935394829
712518794
-152142267
-1928229526
1432315239
-2069327474
2058177676
-1591563411
684514530
717505171
-1341420505
-880524915
906654022
-1505960540
398170457
-1340377605
-1656192283
157425598
1292927512
1056034752
554670329
1279634108
1121378827
-569016456
1007724788
-145276535
-142649176
-964503301
-592362999
-275579545
-282615186
1932471970
637991586
1424044384
-206514211
672144117
-898392779
-215425415
764284392
1078959393
77992852
898078661
1194007409
892855845
-118951127
-993780606
9929111
-1444749629
-1191997443
-1683505512
1210318036
-389734203
1016504275
230939582
892869336
-792595002
430702505
1513957694
-1482444996
17311196
-1770979403
-1596792832
-427079651
-900768001
-1339367465
859191390
-1679740352
2065404375
520157947
-1686116332
2126941186
1328411738
363937909
-757418586
1154240704
305801643
-44917658
958826492
-397941750
-1180368644
1097157564
-1300768502
-1522064715
-1653466417
708180547
-332602698
1619344109
1101108549
-1480316380
1240914965
2147215818
313426537
1767298701
1360198407
-475217480
1630376897
1635902510
693086036
-2037193547
-585171804
1876049447
-1822168231
1381561648
1122726010
882031056
619462554
2093128865
1476910850
-577370256
1724184156
1052694852
19536569
1176775516
943114296
-1112442761
1373186821
2106559677
-910034936
-1665253342
1682712796
-522733129
-171113103
497679969
1367322304
-36887832
635468338
327293861
-69933025
11404705
547468535
-814867658
-1637554952
2087537012
1823976742
-1448423661
-67167496
1312880645
291457968
-255181764
1641365476
724990843
1206575307
-16964657
-2031150836
645192122
1573179796
-1770706209
-868117364
-1214209893
-1563848864
754002190
-1887900932
-928806298
2115691913
-284295759
321435953
2030488798
47535050
-1897869327
-1534539444
-1671296231
-996870065
-1756022219
-1961001309
-639285940
-756507648
-2116717337
-1240572141
-321376359
-696072568
223064711
-970570956
-430067388
-968253595
-1151603142
-1499717310
-987455813
-502415372
1226848556
887070654
-1865089103
-1717959590
994931638
-802117293
1997081417
66335045
1773415170
-589914319
-431178714
932113883
-27647458
-68448074
16366930
1671015956
237858442
-629914026
-33045536
1208613546
-1859728131
431719244
1949345933
-116151883
-279632073
-1947358728
551368011
-1268092841
-1924822720
-1710299308
-2068591479
2120094610
-1716506050
-1138504473
1907146785
-89303422
-1723647180
-1366526559
1400173113
58012842
-1948043859
-1985025264
818890903
-834857835
-408292535
-775275674
1109558319
1981206324
472295395
-1977908815
-2067396369
379529941
1460922704
1657470374
1245468053
-283094058
-1909962905
550970516
-845911491
-356008725
-1030756064
-2006829568
-1268470061
-1195539908
2049561674
-433311771
1953299619
-1144221184
-260002841
1674892448
1325816561
810875527
-30877729
-571004655
889956608
-620212935
-1638275487
-1646469902
829260261
414052724
329603471
1784635400
454701690
-1337295117
2030138883
-2001415298
1946889631
-1572252723
1925058178
-961545412
-1410226158
-407759609
-1458837406
1492247901
-1038092205
534847204
-180657646
1914518623
-1175771352
1861710602
-2107916809
1621737735
-271727454
-1131940839
883867104
1834901823
750111589
-737310532
254550667
1887488859
-1835747245
-571449759
493056009
-71732018
391218190
-1612786209
-169877965
1979387659
906078868
201273914
2044942993
-715566082
-1771796509
1905579204
865761038
1669601561
-958215037
92467960
1581929534
518060669
-987638675
452933612
-611095213
-256773999
-573760790
1598283215
-1352502989
-2103614503
290055111
-114077166
-1611653625
-1055247405
535937831
1117764481
1572645112
401018707
-904956906
-1644540480
-1919295397
-1352539484
-557375318
83786301
-1137183178
-1341720389
-729459438
-2137220122
-443451552
-1217710560
2069511519
-362026958
-450564476
-708369405
-1096894421
278305744
586059894
1519058939
-1996027034
-1843344026
-313352309
1222114389
358511845
545389544
-492484581
1445827637
-1891407312
1083190221
-1735456466
-296372527
-329275605
1265756064
-1359760940
644307395
-49014410
-2113897424
-1901410707
525016497
-956201473
2120735518
-51027649
-271875911
-221355871
2073803199
-480260932
-1085712664
-1148112959
240755640
718773468
-1869959205
-2107369527
-1767063957
-1829584103
-1715209560
-2108781506
1405406529
-808903984
-557595405
341383948
-1794746186
1575202995
1901624047
481542486
-455504658
2099537764
-1936869383
1916924861
-1131127814
1914018182
-942975423
610469725
448834096
-198654796
-334270075
1802996181
-632741299
814127469
91104833
-1812103502
-406313344
-1237386145
-982868021
-833672871
1416352626
-1922465908
1118861762
328856625
675598019
-1676859864
-418881726
1000104204
1619764337
-1584386995
1958724663
-746635467
1650184253
-166735538
2137187273
1773790335
-1554780482
2019061591
-1129228273
-404189589
-140826906
-2143668813
1656572448
1460549570
-123065679
477700256
-184467776
511160035
2068264168
-267727323
-859067991
-1037419618
-569614557
2051981101
-2070778702
-499920494
1443795256
-471437560
1753135617
1523048680
1698413264
791889561
-89575121
-1886332346
-2010656529
840736047
-2046617807
-1581087995
851519827
2000534843
1752950730
1574328910
-693888021
1966187871
300434388
852088411
-1310963441
-1612873597
1670195525
30324303
-2128977911
-2139983850
1910845300
-2019537659
260943315
1655941654
191156997
1642047823
827714315
-1910429355
1142648372
498747381
-1957658564
952344578
2042680437
-557822669
994808833
806043239
1165227964
197517618
-1052180558
348846516
-2109142157
-1746934005
-1758176609
2027730618
1110166910
-1176040935
-95106222
240783578
-2068306616
254725560
222397015
937731063
-2098055498
1007523634
-2012471725
-636416259
-326909365
2097818224
5169128
-526457690
-1071725930
-1069949927
-771971547
-1667703988
-1080118631
-554663001
1585608417
-231306539
-660032345
-59113197
-184430718
-770307858
-1718596002
-1781359829
-1604930085
-1018219645
1924502751
-835442346
1578012390
1840079613
-833011838
-49060644
1290911793
-40494154
1391159986
436650268
-1568068195
-1157518067
2017821985
-1935618926
1025194165
1729433998
1955072678
-633244187
-571743118
-533712109
1156148699
-815271386
-554392585
-1746021050
344796441
-1795836449
-1616685061
1575727287
2126088694
-1471370948
616277852
-1523554020
2014573747
2085136678
1229196555
408711263
399505856
1232476079
-1240367929
885307506
-1041052237
-109402714
-682866199
346735086
1508633313
2116556353
977515942
-324362535
431419136
2115673139
1940804269
1865919623
2012058185
1106675263
-758938733
-1902446990
1479931932
-2032338452
-1415480466
-443845590
1303546755
1333820961
-820344226
1821736812
-1231579518
1365766855
-69132951
130463937
-447104025
-1628475905
119201042
-1593405533
-792205842
-405805643
1656118590
1489801902
-77947967
918679003
2022376102
-2139563297
-1508423800
-1654763613
1713867544
301546864
1199670922
-1057435824
1181544225
1752670216
-1647339222
2058362701
880342674
710088373
660824213
1056405346
1103341840
529764570
-1391165800
-804718578
476106022
-1538983956
-681795546
1078702211
-2127460521
-1358282009
1323448408
-689182416
-1050879820
-1423905116
-1653711694
-1649439381
-365388186
-1964278800
1260447199
1414515234
-1344149743
1866171109
-1146130797
317006342
-1613252063
1338542863
-1371253006
2040500056
823460871
775302050
-1705542251
-992026108
-768705936
-805173298
-1481254809
606359332
1397945369
70359001
-1102440601
514278270
-1816134663
-50198991
66413587
541242532
-264809382
1192534958
-1341849497
1483934204
218645336
-515155967
-1359395494
1887159736
1667067677
1069189704
111482734
2011329318
-904788410
-532824625
389714329
-790422703
-310013441
1341663832
1990131126
790537027
-441062769
327702523
1348080872
-1127059237
-2049959652
1394100814
-1937273246
-761365063
1822572732
-1593019143
-268715620
1552236816
-1735798983
-1793215109
418143139
1984234071
805705555
-1267363787
1141578538
-666389755
-1176034500
1471651699
1153352861
-945242562
594324094
1551246906
-446174927
992360530
770955102
-473486041
23549652
-1000645937
-2000642092
740901726
2081603008
234445040
-471232489
1369198199
1913305458
479487725
1768025326
-1145344903
-1131493612
1846637383
-1576824415
1943345211
-471168023
497183444
1495191117
86840852
-867718362
-1981871159
-931182621
1969174626
741604136
-1178189385
-1974631695
416052585
1420433226
38036159
-664584354
983310215
1040789169
-569982576
336147688
-267201326
-860003897
-86420494
-459710444
1997103184
1522663563
-24019879
-658544874
2079299960
303361465
1564609988
172895444
32719309
695808662
-1498258371
316487189
681411276
-2112018276
-172191448
-1416563772
-1015622334
-576213901
-817082250
1423155393
1112629269
204959609
-29151582
942414910
-41818990
-1136222192
384208650
-1195662147
-525241932
-398465783
958958716
1191788156
-613926738
1929280674
826556335
-2077375953
1710486858
-2073684539
346907689
-367838181
-391052965
362201327
-1526344575
-1145091450
-473485451
66928926
952751833
-1971633672
-644175977
-2061894264
-219392209
-849332244
-1640728717
1447844985
175418694
1768663083
1198361809
-1054589203
-381485315
1271595635
1063226944
-1103941800
-506979358
1618856802
1359796247
-1668588370
-1048960170
2111783912
-1601463124
-523020494
-1311494744
293597763
-206476348
-1667344021
1838282697
1079554390
158173281
-938626956
-2081181563
204036291
-2073058601
-1951674328
-1454869340
-1589054718
334789863
1157932927
-2006203080
1555127521
-2078478894
847726370
-2032437648
-861184193
1036989974
-849946010
-848626714
1291104023
1030281648
97785674
-841487484
-664366818
-274370717
-1161605924
1431666877
-1137789425
-875082482
-37821028
598306928
438494059
1533454729
-1814940235
331460999
1917615871
1760504056
1328392877
-1168228236
1668102639
145953069
-110587994
-724791203
1289792661
-1620977914
171593840
783833290
655283825
-687352787
756846178
-454415475
624552638
603583033
-74980774
128574048
-295402489
-580713591
1686521842
824383196
-1678573384
1896715811
2020414765
-392864998
-1586208860
468298969
-1856624011
-1311777230
-1936981532
-1052122085
477923664
383670039
469487770
1714183041
1211784692
105601590
1164321618
572420736
-1259651099
867480364
-1381499648
-2095671347
1508864842
-1086235283
639256523
1866734967
654281614
-1362742186
-1418918645
474562492
-1607522622
2018692723
-401269243
147611028
735453285
661068867
-551647135
1271179823
418335820
-718256192
991143759
1987332145
-611634095
1027226889
1087808205
1144967571
1843969274
1027403020
-769029642
-849883498
2077554392
-1755450903
1536880067
971387890
1435396503
1836050715
1031874487
1909440432
-307347961
-1958526620
965472736
1251201025
1514383968
-2109227478
-1361496823
843479715
-1778667947
-1573578410
1095143637
53488267
132695638
1098321503
641917427
-901405573
562162645
-435437212
-382236188
103588574
-496188083
1909089980
-948749548
-355499337
358190120
537504141
-2025389909
-1667118701
79450643
-1152136352
460819442
-1043427643
731844511
334571466
-314772946
-932137336
1123182210
362438263
-47414381
-1379998970
90952931
1867167436
884095424
-2115940627
1337932719
1529432949
-1308432794
-301984307
116322333
-539194588
1684994060
-1520987832
1062255504
-359064380
1958353860
-2012944335
-676037709
-443466509
1996670777
987872557
-1867838410
1914963703
561741890
1137347345
1498604439
-2042654553
-723203233
2118339757
623645855
1902659886
433054378
1844869715
-1155942966
1338417097
225655667
-1368008561
388900398
-337101323
190493072
-1439919989
425333558
1422261711
-228622052
61688869
-284301666
-1190560673
-967579736
81753349
1251197160
1892739257
-612665867
-236258163
-1403024523
1804383716
627019180
-531522592
1143924724
782061269
1179638655
-1668545251
727600793
-1837500030
-403866879
2040219171
-411673772
-274903398
-457094039
1954054010
1748243385
519667727
1432158226
-2131526029
-857746068
1816916086
852000681
-207040112
665339161
793921600
-1731685052
-1351934540
248717455
-455855066
270870573
-1643730997
-1889214986
2076444987
1917242603
687457612
-30536860
-1032889289
929089060
-1682704936
1749488418
813329279
-1945046260
-233711259
-2063514600
458711093
-1631079062
-1660887609
-1130406306
450255616
-227659553
2058188113
-1679296473
1319154585
1536785360
-1353618419
-215588805
1165080779
1100886251
-1263349114
1176990605
419188905
-2096469042
666490985
-210352516
2099252721
-26820098
-1920302781
606619918
1394131996
847220428
2138450459
-2011940906
49549364
1891429703
-355910797
-276468599
-1717613462
-2026965410
703674980
-931348501
-1792423322
904461052
1921111663
1464029012
-1456647896
1456981343
-34173837
1460863219
-981927646
-1020848513
1404131061
732547707
1946814006
-1758926750
2017772397
-340158288
-705813454
-63497860
-1382051573
1856480229
-92876409
-1003551948
501619137
2088773714
102679486
127316841
1635231983
547974604
-1209487086
369895023
-507580515
-16215717
-1790025997
2063831310
1643040461
1906416130
914025409
262481062
120622371
-338917097
1684462565
-2088857337
196506236
1478151576
-829483582
1012355814
923200859
137817037
1490442180
1079870100
909847112
-576482947
1486302836
-1291149289
-1345759316
-1922859447
-1451111986
1205100338
224789237
-1522822282
-59932695
-1160448265
-1373742640
1539660424
211533980
-1986321631
813338048
-24493236
-305380127
-647975889
-1900974203
1325714345
-1914781347
60401329
-610817612
-190957361
-481711442
-1801901855
821519130
1739616165
-821413884
-1570924248
-1690045769
2086562972
-893912922
1008360753
-1537005719
-1256232637
-1841140193
-1513579946
-1540099931
338367511
1282709254
-1605585333
-996178851
387312651
1620680363
-1170545975
26030182
1393333478
-1826528184
630228491
-769975755
-1457382508
-1124757690
1439540499
-584419611
-1577387149
387518092
-43295612
569562185
-236705793
339989033
-597328575
1386926733
69381463
1054313676
-358568100
585386845
-470038849
-536592624
1795269636
759535841
-716203837
1778094861
1716494279
-888397683
-1645753506
-879442234
1041682578
1252363028
-1254990264
-560658998
1561185097
-1621534465
727962055
364296802
-1800792103
1915690557
-1732303924
112048472
-1809015122
1331780853
-1911079209
962212739
284388057
-598575824
741297858
-1942369938
1455507131
397544188
1995086728
1679219023
685720148
-49076606
-1515092756
2126653459
41499434
272104565
1004631360
-808684820
-46043152
1314274071
2052855876
-1730235380
-1158254211
-1459289843
438238729
1043911886
-1737021036
717563444
-1450652827
1700697808
-885692013
1616483427
-75449690
-909572245
-557614977
472079993
730645464
-1769226473
-1193284521
-84243017
-1996668591
-123862868
993523665
-106576164
-592853380
399969627
478738594
-2052073221
-1006744398
-101183420
624689545
-743887795
538187163
340144231
34709957
-830475965
1442573857
-1436699717
-369064530
-1994529764
-993935553
1008254029
-129605338
-263604842
-961695889
-1328269230
-1498098151
815506273
103551407
2002737532
-1631426480
-745288505
91854783
-383814297
-1135993384
-711615834
-1545237327
-752959618
-2054934348
725725182
1707373910
-1666057189
650715247
1160305795
-356028568
1406445821
-423814641
614567967
1486009973
-1970022516
1561064913
-256842559
-416053947
282692136
536749878
1756942031
-788747992
615799844
1865973105
-135540758
-730164610
-1984423893
827804697
-114761089
1261585742
-1879998926
-1018522245
1839736924
343918662
-238933911
-524900232
225707727
-946278223
766111717
724062589
-1718630885
1499760705
1026397095
-1905499482
1979259617
1639746776
1905876900
-1057590064
-1338819801
2040941040
1071266860
-1961919821
-1354522669
2031737339
179797947
1359703459
-1718135863
-805244796
-1220486962
-1140987205
2102930364
-1549008411
1168362823
896528
-1288649330
1916021779
219648077
506433906
594642225
37434029
677899527
-1547048560
591938228
-328322773
-1110029156
1230479230
-1728894285
1702545960
-1006040115
-1844342363
-1948714841
1460138614
265093279
220453525
1466368394
-794605183
-1372506215
-619009748
-493448924
96037484
1342581984
-1645068988
110474343
1014872568
-1761890668
-1523733737
-1396349309
-203341629
-1405733114
847733642
1906119330
-117857294
-1425113956
-78714823
536830338
-1247261164
-356973596
331959882
1350953349
-954982925
745655830
-337227254
735149466
2065812811
-108095637
621704653
-1021390950
-79687763
1902240796
847577768
68989954
-1959966695
-1707388605
-1924667011
715658296
-202408580
-75366262
-666701060
-1012004046
-1989424792
50211503
-1786925457
1506138026
-1440462032
1603640225
197489477
-38488755
593837996
-911615279
-956235232
1649720608
-144247432
-1709203201
1151839566
1293555953
-2000335359
348931768
336261968
2006438345
677091507
-313737747
408806495
621266395
167056889
2111360982
-980360135
-1607078192
1094850234
709135978
-1963219420
-1134995262
-700693960
428709326
2068991563
-1775120916
-500776616
-829883974
-1973903337
1915931008
-1098368408
1850140692
1352301809
-1624972675
687627632
-1735505533
1641938372
-1909353264
183568319
-1293899699
939273110
1306355137
161154935
895539681
702309497
-671934516
214810551
1946502707
-1096428347
765835736
1588853830
1913956217
211264741
1739604958
-28127758
1630548361
1855844304
-626435454
638934273
1315347595
-71871828
-33612365
-617766178
143166013
-1042587062
-1486965450
-1339809853
957735318
144949014
24441926
1691122724
1423070318
-907751587
1762260855
-1228616768
742513606
-2023612241
-383889236
1475414307
750689971
1514002860
-112233373
-849407545
858202035
-2077851658
-1823745030
-2097280654
84346619
-1930003689
-978793372
-422739314
1130534287
-1290976261
-2009864922
-1137168650
-714543267
-768790622
1912462508
-1013043261
-405481935
1739658064
1164976089
1159056665
-1550030101
-1967208855
-1821671391
-165982654
-1644796550
1742246527
-1474161585
-1808718426
-1486103392
-1629944594
-754816133
1844226864
1833816563
1931753121
-1687534244
-950294658
-913027401
891019631
-622615758
-753198097
-951690434
-1970594148
1234992420
430417585
1767351157
-278847242
-495247459
1714298274
174691614
898938979
-1542170335
-1332109565
495601600
-34401757
-909592470
380722589
-1616657381
-157869500
1979234187
-1229169282
-787960244
-1799546049
-1885720822
-1754523191
-1800030476
2099277839
2138074637
-1542320528
1916326974
514296120
-709058439
-1573009768
1472514732
106980256
-2030305051
1209219542
-1473501491
1651693398
-1217679319
1855411931
-886228889
-419350977
-78336715
1466610680
-1380829485
915958861
456188180
-954274967
1345292686
1468404656
1969153804
-1175330505
-1023235186
571724636
2142703039
-565993293
261159040
-301148268
43967989
70234835
1191076759
-2021108624
-17331342
645132611
-586896576
-2046608679
-1105303172
147901850
-996766701
1533634916
1681848771
-1594937060
-147467736
2053412663
1783800816
-315833226
653974374
-2034909207
386919800
2110233597
-987423893
-1877325720
-2038039146
1063688992
115605972
493499585
-1053793588
500281499
-1739044296
-1768842462
1104450613
2082050580
-1993101651
-550594438
1445145530
1753807119
912958211
409135314
1755594028
-640835204
-1338813408
-1246417836
-1972160349
-2081368307
1572654324
16523017
1336936754
2080896213
-203877121
-1757497102
493362489
-158775858
-1303716075
537281135
570518090
-2074416849
38095854
1946751548
195778890
-1510245203
-1688056285
-1618648906
-1654758689
941914475
1812369334
-1623306999
-1352430618
-1402639998
-487131543
-448393724
467845996
1913759874
404378066
893888837
420442675
-1626903230
-1457603683
1964897521
-380722587
2041672649
890446051
-2100160381
535342694
-1418216058
-96293170
-1092210328
-449126880
56550239
-1741168404
1293392797
-15087664
1269056523
1700738674
810112114
2112326581
2001851842
-1918733447
805579658
-546770862
-7992742
-1541222554
-723848248
802757668
-1400325713
-1735558101
598273404
477532150
-811794094
-1384830699
-1644120367
-122092014
1357705589
452025340
-1563484576
-1361778094
-598707953
633042845
-1868778771
861982316
31036679
-58745947
-1753005680
721025810
927972559
-1678679092
-1922867165
783265851
-1566044129
1369826114
-1042337130
-1720254640
-1748611754
-258630881
-2145488121
977276383
-913697751
1822149170
414668719
-1877021198
688460590
-1418259187
770034591
-77481351
1360072456
1787414638
1826191953
-717138777
-1271615642
-1341327623
1713352600
-22889303
458213738
-189107825
1100407786
750098279
444127212
711403783
266671248
-844599294
-2034363995
-1504880131
-1719990914
113927130
-75374990
-516976524
1133091624
2049062922
638309932
1659828608
-1890567840
23689460
677071689
-1590362513
-2038840284
-206208984
724815432
1948332279
-691925368
707867351
1654616965
1283674923
938518452
-478449090
-578722532
-2084373991
104014313
-222927630
1458684738
-1210625636
900420358
-835835601
1161436762
1955878852
2090645465
-1390919294
1298885487
593480128
-1919469412
-1611774877
1436899160
-3073408
-758153441
-735302301
-671111787
267951497
-2132515182
474531205
1686974462
15799662
1103043968
337757355
414307241
-1625317163
-144363358
-121065698
1359125649
1977147806
601822519
-2114413761
962388297
957354095
1351112442
-1315978020
570109054
1084772259
-258992590
-551458808
1154796495
390384247
991746075
-1644356883
-231960963
1415113500
455513049
-1934402519
792750347
1703828515
538445006
-901446852
-2030969573
371846683
