-1429476701
-156971623
-700871670
1819471998
-1925744694
-685744047
-980322414
1901539456
70630545
-190377879
-472743784
-1718226842
-1239045349
1749451313
-280822757
1820727323
-920456633
-607582740
216762454
1154511662
519815632
1208898649
-855874129
-59419350
190698129
-1550883856
-734850905
-2137206324
127115689
-1731546896
-23691978
1621828875
-552685840
55708238
-1255690211
226586998
-1130514424
-1552165639
1903141668
-187868870
594187944
-1988132299
333150531
-1608614273
1387293322
2056477930
-353411190
2130971395
-1714939254
962663692
1149346712
885459047
-2009453627
503609983
-1899087904
1991070422
307625019
-670006675
-1969435331
-1492648713
-510364247
2143043311
1048078384
-1385023976
1461125066
-1168129066
-2120074424
-2065865153
-512800144
-1613441998
-1504935452
-1258714716
-78463691
-237292818
-1424336179
-1716147191
1712647128
-1326929761
676896724
-160967175
1929668350
571005957
-656964568
-935452535
670943401
-1682547900
2095420561
-1589021185
2023524739
-1378137206
-506594069
-2052383538
-1913048765
716914019
1261888362
2135422039
57410051
2006210290
-1209444409
1943815422
-1689991699
-932097403
-1281408492
26299321
544994225
-1676843743
649393980
-1694476452
1765199402
1826562679
2000778850
-652065598
770984258
462658055
-855353914
-1338727848
-769920698
1923381029
-1825625384
476416808
1414631570
-2088557338
1274054960
-1961582357
-1592554815
-836671005
620482999
-2073542351
-1337699042
-898112199
-1223615210
2012108676
209582348
-504914951
1774706262
460436282
1034779126
-1434399698
-764833400
54022250
-1963969658
-409912161
804681354
-1975643551
1350566719
-933459686
2003754097
219715517
2077884097
-649595948
-1783078844
-1515716710
774395772
520098030
-1694139725
824448931
597756497
1493050981
-1545658340
-1881636607
-1716315127
-122999618
114204178
568992245
2121251414
1567047302
-1376549737
-803733391
-1696154946
-861526083
-1599053807
821978587
-1444291664
1095415473
-152615207
-1865546198
-1244093550
1397836848
-254960817
-379941257
-2028137724
1035243566
1090493180
604776354
-2012759857
725465599
1214427351
-90631594
-1517155794
1980694909
-219310355
1740904651
215850299
-348941747
1208308177
-1965497178
-234503595
341995695
-1266739582
1318152695
-903975164
-710472691
-1618096924
275427412
1169618625
-173972300
-997540271
-245169891
-1443855632
-948816497
2124651516
828357994
1711130376
790063261
-1430782627
1342307232
-1036947300
-302190682
-845679486
1752499957
-1091804082
476406424
-450882069
106883540
1004927614
-1278162867
445974612
944402158
1201315688
-364571511
1804936580
1917522610
-668504593
300107812
1781016603
-1776889265
-709579103
-394132220
-148687027
1449862442
1637406040
-256000710
563575199
-928552594
-1749025864
-944079797
-1914611469
1287263655
-196181337
202499239
-1725908286
-99832618
1087180528
1245733246
1539260634
-852275698
1769635276
140031370
-705724429
605800621
-1753887107
-1425561508
-805856031
625518880
-791224112
-125773467
-2036918109
-270848459
659327371
662927954
-1033281725
472379815
751062318
-498343985
1935408531
1909133917
-1662951497
-967445813
-2134259426
-1097443957
-1312092744
-1188928547
315195134
-1118873478
-1214899778
-1024403144
1444616709
-1175312414
357766711
1284968360
604149898
626598833
-1321729712
-1136745621
1666085531
23783538
661938537
-1432931321
-1621106491
1261177695
1988141090
1567107132
775204372
-977142666
-480487166
1882268945
20041998
-1897232631
-1467818139
385978075
382537355
78830623
-1712225799
1598132309
-2115223604
1665037325
889283707
-1033608166
-2005690273
-1363670574
-1292416689
-1569997219
-603088646
-724828511
-1006697170
-22865058
512098379
-1060299313
-645577434
1327505448
-1992825954
-1084612023
-378131008
-1620016148
-1514402232
1236651066
1559844423
1424542135
969416410
1138532229
-1496947316
1237010933
385378656
848658854
-1969154976
-871135067
736069364
-1622083131
1182043568
1018444240
210893294
-460031476
-1410740681
728358293
1228533234
1619296628
864577927
749507049
2059898448
-1047408587
-1411007943
-1024019558
438146681
-916018657
-1325261763
1451602597
1841925624
1244372869
-2052448902
1592807805
152615731
1369408130
-383349339
1406969580
752203211
-254738407
-1919163329
309264501
1569189036
-2022168172
532686024
-399855509
11891023
1250361213
152067545
-790689784
767411488
-1011024717
193318524
2004919337
748294651
654689772
-1130211105
772539440
-1509315953
175181832
398785696
-796034239
-1511142129
619273016
1930107512
-68185506
224093506
-1839689657
-1864918875
-1936845968
908065863
732901466
-1912086421
302099573
1747655909
-1832833300
278615064
1733675329
-144388334
1646571893
-1509400507
-13432219
-1844550539
1104184614
-1944106598
-1284995550
-11426988
236871228
550430332
-1269900433
717409384
-526816892
-2098975089
1136575815
1528175123
-807543891
-1188257957
-642497991
-1816469233
-1524226628
1519836693
632207959
287315818
328924802
2119902826
91439296
712465015
-279372485
1463054355
880150314
-667309628
358633921
-782974535
393252513
-1393911861
-1479083739
2056779523
927307900
261191915
-184641752
723149005
12362886
1364003799
1080183870
-285111520
1504041671
1593096691
-1596464334
1415637810
-2130912740
42226583
1068386915
599168975
34322126
-128257193
-433421132
1394814346
-647995275
-701354864
1420207075
1002788860
-75404119
-387515252
-158319049
1743184591
2007101205
-1784423002
125918102
1901136564
994583948
1213544026
1973130027
-2104584302
2054672578
-1597851026
-125128728
-1347777703
-1978250416
2070587825
-36048174
-1007259871
1053054252
-271639413
2132362684
960856795
187692227
-1531180860
1999057878
-2088187364
787637979
-1062503999
635873087
-1425372807
1703811474
1596127548
-2037230546
398915965
-126625320
541289523
712371430
-1037705788
-1032614299
-346168460
-804503448
-1013489248
55553918
271572211
640208828
95839788
196541370
-598158169
-418685460
491261388
-1398699539
-1254686191
-1756017810
-1202287043
-77378972
-1725671706
-1923350120
-497780453
1941403181
-830696261
1176697684
983025029
-2075066212
-2015650654
-721606976
-1332669840
-424113908
-950485674
-2117033792
-218297444
1827774830
-485838682
-1332685991
-1236491899
-1672022182
-1745527853
1959938904
-39814303
-1225423455
573750783
1461418169
-1083289540
918477809
-544748972
-941252088
-1742443677
-460317215
-430284321
-1461295896
490518108
1520345667
-1398794478
-2137690749
-270451607
-200670949
-2062902650
441992744
394018100
73658917
637968606
208414334
176216227
-1547825752
-970779399
592463461
-191582662
-305531350
-709639453
9782382
-1445555041
-809503452
1066634194
-1963559097
596446642
81491724
615388415
-788363026
256568471
-1366984730
1036614493
1398589572
-1881388487
1381738897
-662587060
1955621323
-502455653
-2048453865
-703662713
-118779275
1063449042
139413531
1677328334
-1930806924
-1237406234
1262482844
-1405882720
-1675308913
967128898
1313371286
1642957275
-1507985750
440617620
-235268965
532276672
-2021264177
-1236619591
476391947
-888498604
1347749589
-1255513965
-1910873920
-1060186350
1564057897
1076234910
1300441890
901620037
-1305054227
-3808617
975873876
-218329400
-2030513470
787919193
-811302586
991846169
1896872076
1322869562
-2069795706
-1373086918
-936854657
-128240351
1636791399
-336686355
899072892
1847612848
-816089978
-194346909
73096432
1180504736
1979833942
-1151242677
2020969829
1698633136
-1501181470
251075640
585112251
-1564196906
-614302076
1030859870
-1297611076
769324674
-286248749
749372713
-1650524586
-693603122
1629908297
1077106745
-2042115780
1863861216
-2115170766
424322429
-32985120
-2104578057
-1275899113
545224726
431150283
111369824
1921996753
1225940871
1002764313
-1717390634
1891416210
-2058668044
1242774282
1752230681
-1856367161
513515401
499795357
1571542336
413945313
-1535424310
729881066
1811013195
-1876109595
-261998490
1358659490
1828798039
1391612740
1091609356
1762870218
562960622
-1585948680
-688586648
-363214207
-1538343254
437478865
-998375036
1260441169
30739888
81956456
955994061
1370352493
2051493371
-346206489
-562312190
550218219
667282927
1309364457
-53616957
-1241684444
-528774622
513530426
1044884430
-1637828702
1871076537
-1241814349
1713768170
1380801155
-156436024
-247230548
1923175809
-2144161038
-1417098657
-2090116491
-1517105937
731351711
1431712495
-1020459543
-1740877620
-194876446
-2042888710
-1740068738
-765085185
356532963
1678129855
1667479491
1797288388
-1512778750
-1540711575
-237980028
1322655739
-974855330
1468865687
-2032345392
165627701
1427791221
2080698606
-1678280751
-651485516
1739171304
1456189913
417638409
-1524091889
-556853710
284873140
1072124222
1781399826
-1730350408
-931633771
317581569
1601324881
184704667
-243816957
-1330181351
-1637730840
1078946852
-709590683
-1057682161
1959555109
-1255711184
-608631263
2112134120
308624578
-908182890
-481124852
541574253
-2000394204
-1146101284
815696789
-903177138
467950787
-1445898060
-232434206
-1194537319
998049472
-1889529533
166966115
749326283
246722639
730686779
-2070856602
-7729593
-928474663
712647181
-1453432649
2131918739
421729250
-1164943384
978052581
1188336952
1504141743
97062353
-2039004291
16288144
-1508076561
-221795272
-1559058536
-1005218083
665505609
-2016234860
-672851790
-1932560999
2013043963
960622230
-638372976
1179441725
1730008771
740487134
-1371463945
-1835315791
377595286
-1353910655
-200004695
-392683599
1512891420
-562099536
-996136504
-2107781229
1651550381
-222055598
-289933313
1669281923
676039761
764778102
-266726819
-1092510093
55515613
-790511712
-1257630439
-995037167
1628885480
-2027670824
210082622
990070863
755045868
815415704
1151075765
-1255453696
2086282451
555675421
1321267129
-1354892661
660668626
-964255995
1435008285
-671741981
-372194308
-1741986430
-269078542
-1598693212
-820463637
-1752630526
381101718
-291431657
1842605064
2015928891
129900096
2074823789
932371706
279531365
1827617689
111072436
1979497259
861107324
1544160255
1063418172
-2117504752
25868495
677918061
-1738336636
-354381277
-408688550
-955895000
1193480749
-1541251691
-774460441
-1408407715
-724401112
411435176
1315325536
628054497
1007839269
1447990793
-516810762
-865084666
668600172
-588767837
-1369202849
-1586745396
-358687551
-512743973
563261241
-35426362
963710605
-1598704316
-1533145680
-1148019507
-1304589564
400979217
-1987162693
680937603
-1583501078
1565679398
-205295375
-1967322179
-289955382
-1279389402
-2099230571
-577842222
-1165114468
-775523992
-32499664
1387016038
-1249553413
574153718
465643370
-805993170
1915808175
-484108678
-784414395
798692080
1047577220
913661885
-2086003771
89153265
1286901994
-1569903211
-1550249162
-1629639451
-1167500436
-511760934
-1950678056
-567091784
908183965
485158397
817938113
2080813987
999936256
-497446774
989636884
1754271517
-1276905153
1258283101
1391922631
-256384238
-1795010856
1773341681
515619735
-1471697820
-1078718549
-1836984003
-1077429381
-1835454486
1426668036
-410470812
54969237
-579206575
-580726488
-1241279644
-557569094
2070366597
1316587083
682488855
-1800420040
1898935067
-1972918506
-659040737
874634545
355589718
163593294
1095991284
-1550903252
337225797
1267104858
947373879
-1251556228
1062370099
2074853873
-1135282361
-456006376
1419676568
1717542478
-1745456839
229944042
491503292
602983570
111906567
-1786663160
-1020099046
87308842
-1590568404
749803410
-1641845750
1093021510
2041684373
909680777
858941474
-494285721
-1539826970
-757811284
-1771539124
1539363022
2005957498
1750548772
-1772535216
-1005492229
553495883
1718273834
1795593793
1914881655
2057337010
1880876150
-346725852
-1416417642
1753821798
-918913569
-548293778
-410952182
1559728322
544814375
-1111458116
-1929213556
1210003953
-2006159513
-464621199
927073601
1293144679
930071009
951950250
224862797
-2009257606
1121689881
711387047
1018317982
244860793
-2103364830
371460334
-1044409807
791959509
-722021225
1265839426
-882853540
-1728749155
-2109534455
-1788565439
-986344168
-1306351198
-597199077
2019627806
-129378990
-1339212908
895329746
2092000145
-1732332609
-1069648094
1797033787
-1173256865
-1675783153
-1164452459
-444835614
1082455739
147512760
327617172
1791561103
-943555849
-1330398780
273277180
-1112627468
64844879
-984208044
-1848027037
-1111966549
677572148
-925654727
474895767
1842073140
-1933519868
737194146
-1270499781
1133241587
618138377
-144375470
749797137
-2104992492
-1383190176
-887925853
2096084343
1833719311
25061931
69883389
-2075425649
-783483826
-1131099689
1303509534
2118444080
-52433053
-1747134645
-408959747
-297283139
-1738288709
1734651049
-1013779630
-1530247319
978599450
1885105795
1423846302
812264070
705410553
-748908098
786710362
1836775290
1536251656
-765755789
-624130795
-1054955258
569414364
1102208877
1023601047
661971348
893374168
1716443847
103281957
1432122644
-1719016353
-612527389
-1666576516
865249413
467685768
-1245845726
298336834
593758284
-2003685786
-1416201755
-1555459742
773998595
1820373038
1396170942
240428097
1588344599
1633998833
502217929
-2002445535
-990703289
-1501909622
1289422927
-1519072192
2125368120
1621775258
680265421
-1095296205
1672830302
-1523031796
-1389768795
2118873126
541718505
-1257951855
-667959383
1394437274
198382803
1101118580
1846760111
887945652
-823004702
-451820966
1975480177
-857856911
1360000157
-1288041009
-1197912666
549764921
1170662770
865913342
852276714
997645987
1375976216
-663622626
1917553321
-800312554
77542655
233984987
-486024272
-405251763
-240584377
-1082440654
1123627152
-1789323747
1075881180
344883677
52036672
597864391
-1399784373
991656132
1421589463
-1757416300
1361102653
-714962347
-801053149
663217460
-1896205441
56866950
1279908824
1242518367
-1871171473
-151884239
873606147
2047663228
-497266430
-1311473306
149598436
1065217559
-1704733749
1775909631
-493433924
-1790215271
-319908878
-1140448217
-713976493
1169725290
253007902
-810673570
1912290987
2098574097
-1017531697
1384234228
912616556
-1704805127
-1283080991
-1251890455
1993079807
1949985801
155218624
-1512205654
2053626275
-1279877120
783279752
473623872
-1284042662
327204327
360926059
1380976515
-2056146496
1018433215
-199448921
-2002265279
-1851055785
-2086699063
1696961692
-2078337980
1061874019
2084816802
-1419558997
1195718573
-1883529162
-90826918
-2120583293
1307282660
-343144170
202666308
161097657
-1920945805
1742763613
-1371122345
-1869255262
-1359474947
879316837
1965935235
1890724475
-352020327
-916690090
785658674
540910781
-133737565
-71694487
980822171
1148185461
501987555
2071499253
39975270
-1863104591
806506981
1293614542
293230601
1544098763
-1995953623
1271827973
-1666118324
-1418726689
960550345
-2131968902
-134145441
1299845932
-931327917
1016678998
1179738006
-1418058207
-2065187131
-1040804696
-665193882
598769204
1569423868
-667937597
-1833648784
650553817
-2130395314
1322362185
1334101265
-1615094663
-1120500736
1383182560
1473905861
1388553235
1051219883
-2080127425
1126972189
745245072
949064439
93538541
-1732932264
-1541329110
614017039
-57314551
-1185119542
37037487
1048589191
-423140068
-872905034
1576693584
1640804837
1778953209
-987600616
-1976669997
-1086439040
1524821594
-1658103472
-144488964
831223869
-1853315526
771698949
-1333608929
96186024
-1981256107
-2039685958
-2046850250
-2055841358
-1723561538
1492313049
-1972128966
-1765187598
-1446374584
869748984
-1296534457
-338138093
787754428
2096543055
74046716
893789567
-1369952738
-854107350
-1226031789
-824567852
269800746
-952000447
-145012800
-1198574716
-1470196586
449392692
-1720022213
-1893146718
-1500663452
-1667679349
2027773814
889439345
241505799
-666705613
927345071
867892832
-1045626855
-1833750128
1288010035
1526182004
-1684740455
-1727858715
-549326113
-843142823
-60544301
-1049949988
-2116187915
-1402339910
-694785590
1677560162
-138991883
473399620
294912531
827264029
1882820128
1334855432
1077235165
1643665413
1385811726
1071975825
-1921070235
491700712
93311225
-1577821748
-1263820892
-1092585198
-1030090351
-721969831
-564120446
227205755
-1077937542
1312585512
482386743
-1400063625
-1883499651
-361237784
-1267452780
2075449919
1569327786
-656543322
-1056370369
-2043282534
-1601180927
-526276610
98367427
1830115889
-1051667016
-221128997
1613331146
416816419
-1768319751
-808604999
-1349620152
-1712982988
-1391832441
-2020727049
-69695428
-1857594472
353233896
864830652
-1183503544
-729366789
-1745167263
-1773925574
-1153536414
1570837284
790638338
-1388747745
1637768559
-1679636832
25824011
1133296468
1580020987
2122503699
136971371
1294916282
518113211
-2024267613
1491620512
1609820531
-985294013
1472093859
-1308794194
282926858
-1912849119
-950198309
288192780
1398391514
1380270213
672929014
-1618265840
597220773
1494396225
1437594732
567439613
1052080565
465768830
-1373107952
-327500110
1392945990
924066230
-369762213
-940531635
-259304224
1125326685
1737494861
-83743635
1887805520
2076417961
2089391982
2044643759
1107096717
555262301
484003985
-950229424
-524982569
-1888183590
-1220222561
1983297184
-1677010393
-1104001178
-2079063898
-526051907
-411762010
529762799
-1438915961
2105285602
-807871905
-40814089
885036069
-1025580512
-769922714
1431314746
-1051269020
-293539383
1075050667
585989461
700839996
-1712307836
-538326625
-531879878
-253085060
-955387468
-1380771747
-113873534
314721884
369906034
-468118891
722333980
-973730679
1740103257
83028446
1251666508
-1340291693
1031188837
76475872
-1280000928
173597151
1972608439
1632250015
1950254579
-330674867
-1772314540
-1353856544
-2050622741
1536840091
507410165
1484011288
-1099871913
271243578
-1318775285
565983362
474299187
-314022585
-175524522
-975846903
-198957736
-1251919021
938143727
-1553708403
1972869781
1337272285
565986832
1797075047
36816
-532923730
1056132003
-327571592
-1925138111
-1742998583
-1043814158
-241932171
1647007228
-1004299909
1505270438
1744478247
-758690607
561105723
1850648863
1328906967
-2099159106
65072099
2115651924
-1284862678
-306175815
167513068
949440212
554414818
-626150680
-704505966
2079127937
-805987493
111884894
570356389
-1712440344
-64203367
-573068896
849335029
-231703979
-68731535
-1718533572
-1543110569
438665653
1830646616
98390499
1482603110
1446800214
-597475166
-37940679
-78539201
466940722
761125854
142633424
-1701878074
-1096432355
-1714577280
-1972476669
-2040685290
-1767437016
59680494
-1833871477
904130064
1265264283
1932623679
1564330368
-1834290874
-299470577
17835589
1331362917
-659069261
1096986623
1148195596
-654855560
2096748190
1872383931
-1352362487
-1349981463
-379444026
973381560
-1764037945
-1221797524
573776088
-1748153977
-511675511
-1769538773
1271343312
-335026098
-1210882460
1653351183
955684059
-442781907
-1662762936
1714850513
-1978525351
295415412
1848639118
-1901846874
-611421697
1209313024
-752120991
-418563706
-234590270
1808485684
-995805811
-1328584575
316320703
-539175767
-882132674
-528508012
-1320534199
-219806617
1193492332
523398987
1772089383
-1101410732
217478054
-1361714481
-619873315
1855504565
-618878399
-322379999
466615117
772945684
811750316
1439663896
2080477301
-1918526213
949061735
-714755890
1463240010
-648486785
841149020
215773113
-303696285
-1005197716
1738156930
-1266034504
-1699610635
-1808733595
-229977335
-919380345
-1862162856
306461436
-1671691175
-2094479495
-1510533610
-1074723010
-814372151
-295772655
-1873749267
821466155
1857571841
-1658322826
1596382672
-774061429
1306963134
-120541761
-2079352664
915402652
-1156519411
542930796
1136876150
817191110
-2075758042
1580825169
-178857436
-1172635409
-337674260
2051746916
270936645
154973069
558110876
681360055
1768565867
-1764961488
-235285971
1330922470
24610284
1065277090
-476293335
-810195131
927617968
-1833812683
1399296350
-1092294630
-1390585528
-1269605406
-755417961
1302974273
1072185866
-1523861353
-1768030459
-468467571
878582833
1478509613
1378765525
1665850287
1332732947
1378260567
1027838604
2120015421
-705180961
-214408361
-687640543
-2128380831
-85126990
407190676
-1686661001
-655048782
-704202050
1916658437
-563469985
-815733434
2008368982
-348199115
964389540
-796880928
-1943077731
1518256847
-773421762
1045970399
-1573240514
1321162728
2039370935
556200070
1759182172
-1337103497
-864533854
1742864223
-955847031
532104719
-866336968
555919420
-1744187253
1253769797
983291726
-1050121923
-796333269
251026118
1507503823
-1058045148
181071476
847880007
1173138302
1761310651
-2022422536
-650953910
-1417390996
2070429575
1061588791
866650963
-2068026825
-824849352
1375102240
-1060745165
1565766961
946694496
1077869702
8434208
-585569264
-1636968177
20732424
-1949444040
-1740801726
-2074391134
193063903
-693264637
-225926207
-1505192145
-1922572476
1225717920
1430140016
1061128027
1014353240
466508878
-152116438
1814532779
-522158748
837177506
-177515078
-1700649633
-1843774230
-1597854017
-2072222497
-1139349791
-709797573
-279978976
-560272211
1124052012
-1154325408
-1656024768
-1873874051
1387657058
-678474996
1502085595
877256176
-272680634
206265904
-1517955512
254589127
226090466
1890101040
-1057248608
-241710872
-1277949803
-298587412
-1099565539
1590999549
-67276959
-946497476
-757209052
-626695829
-1417424822
-317714506
-1064064367
1739432096
854719490
1853714891
-1425568216
-794646269
-1364864395
-408324750
-2024501760
768628556
2069872067
-1538438587
60837579
1096688100
821294876
834006651
433341209
748398091
2025123825
1012202344
2069420867
1861783128
1163262973
-1327991398
847086752
2040910902
936882483
393719465
972256071
-41762168
-1962697737
-1161355412
-61827108
1724283698
-204129083
-1654554385
1355829168
-1370449807
-1375976658
1631099483
569345271
2126044350
-289187764
1115836759
-733091944
-538506902
-1737290109
-1311620155
-540408906
-1411786147
1864498741
991109259
-421122866
682299003
795139738
-1421651473
-1196416137
542084212
-111438762
-1058353092
-1673782862
-1901162864
-563112877
-1330873572
-973627881
-958991353
-274858961
1535415048
262687748
91034062
899411445
138008610
1439463216
866295123
-865667381
-1739443341
-509339608
154374487
-1051665194
1423535748
458897562
1654177361
-771119923
-2009147025
2010604990
2001229561
-1873193773
1423264157
2039757258
1543712899
-1781390684
813743050
-903110598
-1108201523
-633019788
1191815543
-1664451648
-929002335
-2006214498
265225117
-1865409704
2018796412
1176368306
1839879225
-401735847
-1249046709
-944125791
1502232311
1183831946
1632386340
1831555201
-568002800
1739017090
2086051354
-479697343
246592235
-1263574223
216761662
-431140087
-1187107200
-978468639
1993015066
416684576
-1932978829
-760527734
222260254
2040080021
-2090065392
1332525552
573887617
-1772646087
-2132374068
-493649044
-933862345
1807798514
1995085476
-906903276
-2060960051
1735892508
-1868374951
-1541700869
-894974449
465879002
2145551751
1884491000
1010106372
-452695579
965970108
-77233678
1979265097
622500096
2084735699
1853727829
-1440222922
-1186607172
-14965317
1470182122
-1419809222
-1600058015
-350137059
1193793241
-834289805
-843888763
492846446
-1458400085
605443173
-208057704
-1992865301
-2069018628
1858201277
-32462334
15488919
1774886422
1176465917
-1868457633
-1562043054
300845273
16393374
902863830
1077781489
-1469106945
1564072638
-1422206009
2064120416
1399520286
-1249372764
-1560163791
-1977058579
182881430
1344764989
1673744503
-630732625
1754287910
-10787745
-265982872
-1261321910
-920770194
-1030095921
-130514449
1915287924
2071922946
-1711128491
822121787
50335224
-894371416
2105888667
1190996685
1212493571
-2112654563
-1190649205
-708264862
2120745170
825940229
2112507343
-274390241
880286428
880140119
1167058245
-1301924524
502711097
464334038
1574362524
1883770908
-1011016278
-1020262196
-193482986
881101067
1973238697
1489482295
67806451
-1214924566
-917008961
1669133878
119106053
719261734
-247021839
-678764038
1862907503
-849058777
760092521
1867449601
1446967043
-906967835
-777392784
599378742
704257076
114097772
1867770871
-1377807778
-951091491
186360442
457563292
1446616745
-286082321
-597373687
1883648316
-1775354976
-675647537
-1344914939
1838402128
-1091496381
-975825621
-161736887
-1575845288
33527604
1350951229
1707976958
1217569457
880583907
373062635
-276945698
-1939397228
-1191761121
1688417779
-1366321516
-1282509364
414924337
-99676899
-281402599
-2004039889
-1417418097
2055147338
-589567997
-270731763
1967508191
48032441
-233137994
-1294359508
1467765956
1918412503
-23459746
1989747151
1161637900
-142913951
-1995141202
24589205
-662701601
77004490
-824287231
-1755783590
1584302199
1330909805
-569598696
1909809391
1103599982
736824077
1402197692
1407936030
-1460494684
-1484514654
-10689150
1390306207
260398240
691423696
1482387947
-385615
684628995
-1592525087
-570996165
-2035517843
-1807841173
1219760548
-1923913737
363618048
474899154
-132567243
-961655767
-261592233
1672226521
1731514955
-808646700
596969670
-712108281
-148871924
1591269444
1441458575
1081236712
1985381076
818951751
-144457684
-644516810
-2044266584
998461901
-1747170441
-926064724
-1602768780
354098305
293872761
-966724410
2015974084
943807061
-998287259
590729245
-68916347
753249774
137919889
523988096
-325660236
-1583584188
1677912585
-321719626
1714600175
1808616725
1476603164
-2106736403
-1121645279
1502163303
-389452896
-744894978
1695470773
979534366
1856934907
1481341001
61846497
-338046646
-1833830060
-732802616
366805897
543938834
-1507721788
-946637832
-448821093
-1408364933
-196361820
-806984019
-1535672410
1751709467
1095384489
-961955729
1502769093
1917115154
2145170894
1278497381
1861433668
1227915156
-507044924
764688015
-1017872185
1400345794
-2094019724
-1192317758
1736695227
-1035848281
-498392418
92114581
30575338
-1961044189
784758453
1035284604
-1297869343
433454852
-857072286
-2105047316
-1366248969
-223237004
-1664710557
-1577920350
1029520991
-133963908
-96557639
1359185882
-1510450577
-1406845493
-313330461
1179364975
591112897
-1742473933
770929458
-1390389326
1492340648
1079255070
-1195296900
1934534825
1227459229
1177452551
11228207
-64172818
801328689
1302434408
1305219588
-1008118669
-1744921310
24149297
1210136172
-1946426492
-1550665519
102973306
756998949
1996130856
1519465737
-189127712
-195995848
2101797601
1680443405
-211666005
1827559365
439942867
-711492773
-1626439528
-1531726753
-535772053
-32395001
-240859384
-1686295105
-1825281756
443596156
-1370070097
402641960
-1699625007
-481467855
-1757447894
-1576103507
1484877649
844475372
-1550035511
579296987
543966208
397300991
-410931752
-1982964977
1905156414
1191277596
-257105650
-789187197
-879505704
-280240223
-934562819
-502245263
-584937538
-601040456
1115293626
-165836490
1986277363
316068469
-2063186156
484741008
-856132063
1679578614
-455706708
61577809
-678631059
1109873613
-1329118132
-664145936
79552690
1067650611
155915112
-1897537891
1520014841
307509363
386183536
-1138134524
-757846639
566307723
-1830014561
524808816
-1331468209
-1094659020
-205456370
439604823
-486910045
-1875476356
1339532287
-618434153
206744144
1439933003
2105516018
-213764577
1226620355
762761987
341979267
481409813
-260521578
1366744564
1322633783
1388643628
869990071
2082504022
434769757
-300613663
-1043761528
-814736011
1093608089
163572002
-1492360288
-1472789104
755203458
-142384994
-1540777286
820158332
-1579828712
541949190
-402948951
832326370
140548554
989267106
1105099208
1529578007
188127626
1077564894
223685330
1902596383
1348889357
-1159736379
-1310446651
1431094849
735109179
-127701289
1537661326
1232476831
1994103274
1432699544
-1466837375
2094693153
933804561
187727866
-1074804298
558176264
-1157324359
321283396
1781805258
1487610980
-987466198
-804593727
761635363
975703706
-343005479
-732817181
89908451
-1597871738
-573164280
-576711740
-365910625
-643008085
1075878752
-1078752180
-1321578700
1913858464
2080874218
1238667336
68360715
-144127303
1453744534
-379238283
-466410008
-378155014
518099271
-2022088591
-1050135387
2043225634
-25832899
-1429105485
-442505968
-2062839880
1789181226
-535240944
-641852910
-2029298183
545256865
-1099046697
-482586711
-1339821601
500358028
-297331162
1328484661
471949572
2133956043
-2077855641
2118119965
707518270
-648540258
1110910434
-1964827452
346671414
1416012189
2019262032
-1497650219
-713013841
1434259492
-1018254760
-816335349
-1947795724
1847892026
288755518
-1658995393
-704268049
324017906
1088730654
111032038
-85263068
908032166
1327300854
-1195000769
1287715110
-784826458
890371232
-788269542
-420109278
231210894
1640216825
-1729047849
-726804542
2014251606
280340964
925730290
-1155794963
91578386
-613539729
1204825060
-814628033
332884255
-985939530
1737561805
657743236
-314975658
-489606325
-412760157
-201828994
1356905331
1607588877
-405451818
-650297932
617459014
-1668506103
454226029
-967767640
758268593
1578387918
-43650721
-1318719025
447551087
566736979
-186431223
-2004303406
421158020
1660537534
-2049140863
373088667
-1932992569
1440071547
-1770227298
1186229017
177660277
-757512993
-34777307
-83794289
-1522609234
2140183275
1322633924
-1802639381
-1074636876
362474723
-525157166
724236377
1930044530
1401772708
783764784
-837324795
-609219196
-1426429247
2055181317
-246481092
1265849016
-1436911142
1694313545
1462267084
466202420
-655250185
948038316
-330880385
-1469114196
-290374492
-137277937
1005023780
-1372219170
-2013390796
-1404964547
3140583
975385655
120617613
-2028319945
208957882
1003048086
-436615356
389705935
608644691
5251455
1817463506
304430239
1506604957
1371205453
-1179793868
-1359270053
-1070413081
434440223
647657698
-1149651753
-711841331
-416525326
-718900017
143799541
411725289
1510269884
-1121502682
30882878
1089733330
-1289336118
-1012946273
-1980817124
36085710
-732549537
2040170089
-2107239510
-978691386
-1962753356
-1929230004
1308690002
-206347683
481713490
340697114
809587370
1284086808
-61428325
740463883
279324617
764276004
-755996445
1551111933
475319936
1540791783
1812063418
1275348676
-1877484028
1660422216
492398852
-521757603
-859522130
1229417132
1915816811
1123247357
710575416
2093441780
394824655
-287517580
238139431
-2082991666
-1685884693
-1013805716
-682391704
-315491156
973706591
1944499633
-662354089
-376249123
-757636061
2001614599
65643589
-759924927
1526610951
12007062
1100651924
-2108586878
347650243
-2066676392
53000870
-346927561
1647949701
109535849
247953058
937947493
1466902774
-840076168
-713980671
822045840
-746700749
1695307694
-2081870816
-1377869795
571504124
1658501532
1033187519
1129768975
-1056360108
-1276307796
-1317111579
46975910
475230349
658283375
-1023337064
-1849804584
-1347139059
-1409484189
-822587749
-1817453690
226049249
-1381258589
-463228632
-98821568
-481334950
597104884
1318178708
1365702629
-135400037
-70363104
307850894
-1884165864
99066694
596630390
-400091059
-600646534
934164673
-1710894425
-569342554
-625793722
1315726220
2045141062
1414023298
2019383605
-776686206
-1669335763
-544991405
-1571684455
937791341
-146301027
2133121272
-116898461
-1036761960
1051007373
827229992
-1054621776
2116493737
1509855673
-1221286490
1704608118
-1624494175
290300490
-1701303446
601281362
424072785
457601825
1857487475
694199100
2121656506
-1814856961
1158238021
-1926860275
-158413508
1388449356
304856119
-670448097
77126421
-1157405709
96927010
87146123
2131535216
1251756605
1743672652
-1273352767
-658112583
2134694073
-866645557
-492507328
-208145766
255655694
-383013662
797961869
-2069881077
-1851970133
1781443947
-1716241803
-638403388
-1640165588
1870903916
822459741
404756648
-1535702264
567737311
1698013887
1924870659
941819420
1215276292
-583873844
48061498
-96399181
-1083292426
302405875
-1582864280
-1314031222
-849952252
1420374319
1191418641
604901223
435008201
-380093706
-665522555
-110691927
-1952270092
1762327314
341261499
1058296925
-945617447
1923801085
-563882283
617539234
-312189847
1366146686
109104864
1214131415
-1701735434
-1057331443
-1559981404
-658409545
419407733
-1454091769
235259797
-1092836866
-441644842
73642236
-682477685
-1662939828
224739802
-1221970347
-490308759
1476453657
807221765
1587258189
2031292630
1906070182
-1008877568
-1617369550
510527899
-2027485773
1529810132
1116843400
2062612612
1752386487
2116694066
8151173
312141876
-204708355
-104149318
-1083056922
982416964
-956692397
129403794
901962514
-572545916
-936997384
-2107089270
-1942300337
1229298950
479173204
1498867511
-1209856568
1605424657
1327579333
868076978
-1561497768
236964210
1327944003
-1513693853
-2092416003
1365677257
1717407410
-44802322
-1470717210
1487111375
630412343
106317951
1343465273
1482865852
14374467
937610193
1309778612
-2073660917
623549476
-1687401102
-496420851
521506441
-499024011
1798356149
-629686874
1034216437
243482251
51199115
-1620532768
-1044123435
-46547914
627955159
287976508
-468113891
-450065729
-1107236024
887851776
-1708990729
181514193
-888255562
-658986413
422824165
-288957031
420599708
-1623491152
536436567
-1118460676
-322676582
-100148588
1054177093
1713257000
867745785
-2114828305
938606180
2064671052
-2000406766
1730502208
-1228148098
-1239874837
1075210470
1172693370
1397757772
-1516251704
-997377874
-735014311
-329781432
782846256
1498355679
-1955655808
1739710368
-1176807759
1303205541
283204134
-854122642
-1629213580
1421650948
-257705029
-181623166
235325555
424733312
-1577639560
1948147437
1725453839
399397867
-1314077903
894977926
-1202133250
686908276
-1573690169
-24416663
30003680
1539660925
-317846171
-186330168
-341734319
-104455645
-1718564709
860351711
1999084631
333914857
1983088682
-1889743961
483246893
1935761131
-96837187
1189919761
41026091
-1321573387
716201896
314085501
1963347369
301079339
-945444504
565857641
-1720543700
90028313
-807524261
-1052201875
-1347206218
1315940989
-1096628840
93687527
-850238917
-30714883
-1490520890
996266354
-1771330536
-1743721124
1745912345
1570620008
-1226405259
2051780985
-638563164
1944580997
-978760787
749831217
-854223807
518198072
-31940204
1446997161
-467826088
-1768387331
177102893
1358456966
394736066
-1957637477
-873258871
1627820105
1180763595
1228118064
-882868509
1253284393
148107072
-1741464201
-984554107
583804407
618053559
-1255946508
-172608421
192133270
1371784166
1460383672
2076934691
172146855
2128811444
1239724145
-1850885603
3272676
-1780251309
-274396940
-703364308
-1344331212
-1717453855
-29308472
-614873436
-384257253
379456625
383634281
-457017500
1290468083
-613035131
586564476
1496872649
241208721
588518308
121333896
-556212049
764249578
41299664
799633051
-1807073119
1403895861
-1315991321
1361329446
-1080555782
1631052169
-109867655
1648278687
-404267994
-265059569
-347380483
1706570799
859092019
1866465397
-523093243
-931572423
-1172159492
-1466509719
1893635551
1974427483
-182542545
1491770520
-1277028076
-52718902
832989000
633089019
-804536372
-1118933809
2122182204
-1377383106
749407947
-1087009500
-637496954
472812795
-2016168067
-584434401
1040605030
-766503325
766756023
-774594648
-1561467449
966732868
168670839
-2096654868
1359276665
2145127888
1864784973
-487097332
-113505616
-2021530008
-1926789642
1238103658
-389885863
390359496
1990536009
1031910095
-1737465546
-414528570
-1766847250
1768746146
-1729315793
-1865454506
-105599292
683437703
638033196
-404805579
1410520859
695836770
-1931774631
-2009060476
-868809318
533180474
306452166
1893455258
-414813947
-1844788150
457432781
-2091134725
-862441074
-126098680
-555284936
1759366947
-1159509483
1280244642
770184032
1901818113
-1619435316
-1052647249
1561419978
-388830823
1303344994
-3665378
-770876610
-382260466
135815510
1228122200
-1457482587
-1806883516
-1431215084
-1634257695
1960070591
623657083
-1955963267
1262985467
-635940506
-1353564137
368665357
30079111
1565352790
1279246038
-990988017
-844980235
-594052448
-1420749578
1059862939
-920318015
517984489
-1972854289
-6931140
1704567760
294442383
163778787
-841087793
1479340069
-331393381
577337985
-729508000
565848061
177990753
473492049
1513875673
-1843122834
-1636105669
-110553518
1432294518
-282053047
-901154342
194850656
-606259011
-967088044
13751164
-376540359
106976076
983721512
477801449
-147421831
-949435099
-1849198442
434814303
1007017059
-307482998
-1048698856
-1122105718
54629471
1277347945
807988547
1552684587
-838352316
-840791990
-219349811
-692958562
-784189463
-877213334
-37469727
1743456960
530376358
1414736575
-7305571
1821990776
581219416
-854094174
1659993677
-1737234698
521046574
-622080483
1944312754
-1600596004
910950470
-75231852
438333607
-1431892448
561303206
524579758
-130292180
-1271575500
-413577043
-1846559046
-1835360212
889583286
-175847120
-33278184
-1320313623
-773043378
605040071
869517536
-906704134
-85673473
-860418213
-1698814018
-2125290297
607129810
1977578944
629637898
-429524975
1650514249
-1955339926
1321942670
2109098712
-896164132
-437308531
857358244
-245699421
-1538805435
1218214794
1143783582
-443128147
843478813
-1513328307
2107522157
1500361123
948764954
-906156274
693122939
984322247
-2098139321
-430766251
-2078086164
391554017
1660974321
-441155960
-1139390191
-236204106
131488299
-1256434310
-661979998
1922811237
666464977
2051975981
50103318
-2034326466
-1709613699
1871139404
1176395089
-371693785
171860252
849099792
-1098574871
1647610781
-1502806843
1436348852
-1499943265
-1403206346
-1214317031
1994308763
-1837559227
-1399381930
-782396666
-207639432
-896802238
-443453241
-1105291858
838898695
378026399
725684631
-1565185063
1639887399
-1040699968
87663841
1971948352
330636459
1748573504
-1617519836
993231181
605181136
-1357053239
-711738859
353172808
-1974429247
-20719437
56408439
-1008754788
651536140
-1305757037
2143240633
-1144238628
-2145645599
1992455380
-93966954
-2105612727
527414081
-1402605147
2003733846
637391348
-509290588
1358069510
-1605565762
-1150296758
1901957334
757219108
910882683
364505584
1137635837
1294023411
996168256
-134959495
1574428563
-1763095992
94896658
2059443100
487610703
-518047233
-1998944275
-476125711
-1823617892
583193721
-4032898
803189547
-1414999692
6279308
-347771671
1403048126
435140039
-1701598580
255897138
-1260387513
1874726794
-1738233042
555391351
-1861969068
1390496491
-743349388
-684078732
-502005921
-2040475250
-1028901353
1714232583
1110117009
-1417670312
-534519329
-983646079
857401992
1178105882
1004095844
86738576
1799044852
1983651922
-709951051
-878031632
-1556890377
1037171205
1716325331
1775359777
35568339
223421183
1058950204
498985681
802120237
1126812305
1770432100
-1219313028
1058043336
-595300247
1039321817
1999912883
-1407953885
-2140485596
-232472545
760067090
1158027828
-995476526
-1861320465
-65608324
2026188587
1024000659
201374534
1478363761
2118425833
1149658204
-766807302
-1093885347
531279952
838018330
1685019645
212792583
-376967615
1748006609
-1090441319
494496159
-431169619
-895704412
194859874
910246626
928161550
-1679304227
-1433074540
1231620511
-404680006
1098284423
-875930851
291265241
-1699288768
1753102600
-1040904982
-1159265912
2119762682
274294771
-1709120931
-758059520
-827724857
-1468449929
-1560687293
-1866663512
466304384
1053319221
-934697358
-1317591223
1922962401
-2137232496
-302908346
-1751387509
-1467093868
-842229061
-1598685743
858714469
-1842036232
747474952
-804787410
1760353791
920085847
-47072766
1138322947
202725546
1855646156
-1175796041
1056141170
165348581
1928396254
1540225135
-1715610557
-2143267142
-1784899444
1767158014
-1390056794
353478491
-31890899
-1912028076
-141404622
253024570
-2094105882
-1100966411
-329089516
-1346367515
724803770
1255745247
1572746855
1019928715
-1834751838
-1966142543
1012820620
204958354
-333686422
2118767440
969251156
-636634767
576956107
952982847
855343221
-1892119043
591177230
-1263747797
-1265420317
1075139241
1388017749
136770028
1180167687
1492465849
-2075911509
675829489
1676022553
-1053481596
-253731189
-266967283
1729373238
1805517841
68486360
-1887850787
-127532712
964876907
845955667
-1193473115
-1655260446
578968542
1435331156
2113612545
268814972
179015977
2009135762
-1479624739
-1540706109
-880142291
-103021518
-940474667
1792555899
-1586575718
1956941110
-268279231
-1846708946
-127122637
160805383
1913893299
555909556
-940081581
19210404
-60447967
1551820977
-1951683084
546572615
-2113994828
511396447
2059946921
-1179836952
1164727539
671213490
-1219406471
1223355
-1137119525
283324219
427212865
773273141
-1904807989
-1621373456
692131317
279709724
-1783807194
1055162753
-293260621
2128436579
262839287
521414896
-1354703239
234119056
-2053251383
1345432819
-1392675183
2062475944
-1607404955
119644245
1735698978
-956989250
509880650
879877812
-888933435
-172619337
1330890499
171764616
1886229153
1294202316
1519055391
-1839219393
2040167588
-1451258051
-2001832362
6938487
-2078295181
895560258
-2110679209
-1906133191
-657119894
1570351629
-954571801
-1456899333
1908039069
1907201416
806073647
988716872
-255436791
452755224
-1664941520
1804790238
185598123
-1251242157
576505262
1734439615
-1537788445
901484905
-1916514928
1298778706
-590196506
-123690753
543479780
2115501083
-955470835
1597041640
-1332210588
1514732804
-109922282
-120288677
805355662
1180021132
-153260357
-1203692719
-1308934147
-890133934
-1200082111
370837369
-2144526963
609660845
1945970875
1330471968
-918641353
-1814932472
18877880
-1362209081
-1127807293
-1557914408
1347015665
1837945170
565404996
-212006910
-1808170532
-1922799668
-1534056521
1057994964
-12361628
-1886483563
-28093310
-644584979
-1388814291
-1170803372
-277570032
1125030892
-1420125874
-2007751106
588068672
1424403927
-474589878
836822383
-1191241071
-1853398755
-1982429061
671294963
-1396305095
-981660205
911875191
1482106901
-1606727454
1394181351
-876721433
1305779543
1980117088
1505178312
-1020450155
-539514904
149737872
1780319757
-2115880805
1744494853
441527727
1524123925
-816144097
1328999923
-1871830848
224166316
-1222827679
1739221528
-1012800712
-684403779
-1637217687
-1734277627
1102606943
1614672409
1983747628
1733243708
2145814187
474892177
1205391665
-182604671
1974258045
-1080427243
-1953303291
21161343
1059132882
-645233402
-477610609
1244104187
1201867939
-537404839
-336113963
-824056393
1039865600
502241716
-1284080788
2139443391
2103336869
-415701899
1418013302
705192485
473308715
2010828408
1929883448
-1253841767
-791495151
-1487383649
-997888011
1451553372
1682079353
1214547286
-1243733943
364971908
-1953389588
174159694
997674758
-23584001
1496021936
-1202447881
1772578697
-1232914492
1329424044
785557004
1564626611
1640672698
1306511700
-1888105560
988610832
858286326
971578253
658016806
1859114769
-593385384
-51223845
820367527
582137858
-1527410679
-1768177068
-1269031384
1036403625
-872995064
2021585944
760136143
1534408413
1544457487
-1260758379
-44391110
-443877388
-1146505800
-1888399169
760634092
1004512567
215597554
455259469
-859963763
-45466551
884991409
1934658928
-1028738504
910512351
610874608
953906750
-1723345301
1792520388
-270538476
841962119
-448986075
-222681513
-1526349907
-1527769204
287765250
1893858785
-1721451400
1511690911
-439695340
-1547246314
-389569284
626194581
-667261863
-42750600
281494494
-1743394888
-1383147226
-780092341
1508120920
-214335813
820407554
-10748765
-1131413620
565797470
-1774267252
259528551
-576601917
147139645
-1046419386
-252739138
-469449393
-1753819355
-1375485872
1307819299
-22003125
1517133735
930810362
-933835788
1247278864
1879398262
-1811182351
779488138
-1223326928
-1081932044
-1367265428
-1891457409
1433681566
1295758478
-2011005882
-1854828
-491236062
2101383010
-2007498517
1518258629
1945733359
-622281800
1054194413
2033972857
937163939
-2052307260
1278538101
-1224649752
981632785
-806795380
312952394
291009740
847295965
-370845924
-665496349
48202045
459906161
1085062934
-1718441977
1451215815
1907427948
1947248096
-903088588
1687484386
-1111136077
798058873
393485216
-2098302400
-751546810
-238782349
956587819
-474440481
-2089492032
228217366
1778124197
-1959205622
530849642
-2095786408
-2132794293
-1382987816
604392740
-588083413
540100906
-731763144
403087836
-1588863450
-248850534
1058777754
-1323958856
-500485545
1708450101
-479194268
-19489046
1329987587
-1668321242
-406174386
94934216
761336071
-1204873746
2127539168
-1619679614
1748393961
-1363809361
-165194729
535763546
-242104579
-480895139
1628633029
1618941254
-432234965
-1385831906
756053464
-488175822
-651715047
526733347
-2028838696
1748489471
668001767
-284037327
1040820505
-1756751814
995835896
-2002603451
2121244375
1968809444
1598076635
-1289652870
802250418
1091411592
1168347929
-277618367
-1285686375
1824859088
-91035367
1562413574
-207224799
4947746
1637963081
271717367
127491780
1880784280
-657200701
596283547
-195433219
20717781
-507658710
1312756531
-724187104
2112204108
-1134706023
-161638954
-1391747029
1387467393
112750790
-1944635316
2022182617
-1396652560
-639675244
1762737672
-49222470
714328107
-404567451
-582781529
1198848690
-99011051
-333518827
731863053
-863272583
-182468211
2121470156
-1826780648
1611694867
-1341077454
779206096
1934338554
105301884
165005795
-1198691562
-2072865933
-1380733393
1067446183
1854653290
-1115563854
-155946872
875210917
-1865087901
56913568
-1996189829
744394402
-336119487
1540844496
143805342
712288888
1211389775
1914049595
-617736183
1174394798
392609309
-96082320
-1310458974
-1341392792
1032519478
494105070
1833676805
-636908122
67381355
-826602576
2129153074
1447146028
-951794192
1994756597
1211140598
-802835585
-917191708
1246091368
-513516588
291022179
-1528884299
-383311159
577073613
566343539
958509076
2028706290
1888474548
-2119412172
-614112771
-593577695
1738857343
1948814686
866414863
-540882789
1204627894
2060559269
-128518246
-1100459397
-153018401
-1276372319
1456319176
-930366719
-609498752
266169439
1555773224
-1440323271
-1617863892
1619671195
-473215508
97593044
-92227385
-1714150487
347279705
21828619
1445899910
1648402297
-1234524298
-1098813897
-189697424
-2059052900
1551787657
1734426216
1921521180
-1651826016
-1479588419
-1248711213
1040379004
1868932636
1431261278
1847954507
-220458593
1010703655
693061508
557091358
-566186828
721288129
-798809550
1546445868
1340034001
456877191
1436727288
-2130441227
1743670815
-1273072423
1432617322
-682958980
-1072972959
220836211
-341621805
1159260455
-170789575
-142678060
-2084527748
216778515
1041420370
-1508879780
1537576132
32362658
-387839355
-301692066
1240514296
1625487883
1724125867
-1038110704
-784764419
2027398169
1350243970
1022326784
-458189506
740684911
316484482
-1347236131
1769342936
-193241207
-517142169
-1516048448
1399369049
-2088588007
-2054268
248622765
1407204573
-1852779310
1723564635
-1637155240
-1227812266
-1393353305
-1032205735
1105901156
1568725223
-1565832680
915823319
2009533227
-1275950876
-1521967853
-798272929
1661694662
-621593293
-2124299140
1614428005
1312725938
-578124463
1718400052
-2090131295
-1049799693
1530692077
-250552272
-1394854695
-561072256
30941510
136479836
809022077
273922220
1474590289
-144060555
-1273201862
-976730401
1225611863
279916239
-1603298179
316498293
-447794172
-1421934235
1147940320
-967465929
-1557445920
2116196942
893575189
542622186
1523946997
-66525002
1686662234
1443099593
1496556936
-1001418461
1821941299
1989961384
-1392334052
510308988
-1098734521
-1670358132
-321294386
-876901823
-1431289151
-1251634216
-136682010
84382654
-1340835847
824376916
1239935115
-760793140
-449282781
-28233013
-1422014056
400728786
1477989668
-402813770
203917712
1480458579
-1476385665
-1462025280
708530509
1413554019
-560517358
-408571015
1077750227
-466095083
-1202320483
635391792
1666934796
-1137939999
-1632496349
-800945228
556606574
1851783387
-1389023592
-1635108216
435256912
-201727219
2134829545
-1177724559
285638183
473067535
-1338613452
-131824762
1423731297
-261465473
1439698140
2137977468
-1304189045
1956019438
1116771386
31208666
-773945882
593814066
1401600457
1218955287
2029126881
1281360247
151729794
1300515748
-1887724510
2079226605
1937492538
68919100
286288126
1785352166
943426672
-546038466
306903573
1273248144
-1444030571
-792766564
-283527478
297266406
1371859144
-457399643
-1190319674
1953609611
1710582110
990234328
-474703639
719968364
-111095863
-173430690
-533926089
-496160506
-411801687
-2029516879
108823379
45698548
-50784489
-80646159
1280240639
613888288
-987186836
-1865766649
544488605
-1272935862
-1507928529
-940080620
26154739
1586677177
-1685309012
-2146462671
1632112676
-910996949
-536730460
1355878800
1672402265
-1650163179
-1620099596
969402028
-673287661
-52505491
1253018206
-1101669055
-1463791955
1587529446
1619335432
-133405658
1723453458
-1075020033
561399373
1439926166
-448202484
-2009629909
-314685217
-1079496048
274459759
1412461819
-1116739914
-1448005727
-791725476
-1677495451
336303471
570272141
-1430602263
-2137621250
-1669742462
1418526087
-1445376251
-1891965590
-1790863063
1205239384
-1079891150
-1648658827
1237144133
-1905253573
199534565
-86509197
149214907
1644095081
-738144950
817851899
1980892576
-1926945308
1403916546
-1076620907
1069701263
-147400477
-1206927332
-880781824
1005352278
1010105846
-1616318279
225689956
-696015897
571319906
-1662179700
1511374585
552210696
938653495
178542929
-759696415
1128167481
-214500897
-300940079
-50817108
-596778441
-2144553203
1404783531
1548321218
-696856124
-1434039642
-2118768549
1730263202
-1001659090
352622805
1620214262
-1802034192
-1911870069
451878092
2128137568
1819905362
782525324
-1563761474
-1226761350
19070967
-267408746
-1881022248
-903743076
378598960
1027232487
-1855341168
2086933722
69601780
1069427902
1319526460
-1414283583
-198946655
-1291154957
2079049166
142466187
-1215241162
-105288142
725965069
276021093
1454697458
-155489533
-67627395
1550863605
1846976297
1675139462
-1974875460
-1582608927
-1318156189
1514342471
401116343
1895081406
158390091
635037274
-128669346
551236040
1863772483
-403055972
952494504
1388370317
1779425604
433734735
874926892
-658930662
399510754
-988884309
875735835
982806251
-1860892671
168298369
1616782254
-673169210
983330893
-660038881
-1684024462
791135549
-1736033241
-1271680900
2019564221
-1867998152
-89363476
-2000051138
1692840777
-1586113245
1257754259
-1964593590
201593187
59822944
-290317851
-155276646
-926878446
911172090
1112785075
-1689099675
2012721675
-411746618
-2017738277
362066583
-1599416883
1531758617
544411699
-63836352
711544876
97447958
1902687050
-1522290181
-1761833144
1640331497
-1386525218
-1310625603
-38490642
-104564408
-1803293918
1435086714
-1787899969
-785291131
-1241275588
-253283555
-359052532
800203915
1856975330
1299576837
453981956
-1002124882
1965686944
1197831879
-1534098602
-351804212
920693822
1647219492
-1631014859
404092570
633686068
1408759194
2123397932
-1859108001
-1412243924
1491873292
856614920
369458551
-683257406
-820738137
467830790
-2000368693
819883089
2038124244
1499605126
159462330
-2006176331
2133421065
1221962379
-897990857
398891361
279508578
2139015833
1333371679
1981934606
-1651572855
-1638825776
-1968029561
614268990
-788367756
863851695
2001433562
-1184107926
1994253168
-387280362
706736074
1681429588
-599799178
141615581
192227891
502258296
462606954
1863997647
-189441281
-1967598301
-692806909
1189831970
-1415747408
-1879344501
85723979
-484583978
-2135379710
-1707348000
1075067798
162084907
1231197727
1685392306
-1851684704
-972899137
-1388796916
951775426
991567920
-670037523
1685849413
1376632633
-2021256690
-722783822
-1017668956
-837029020
-1596143750
-1597712174
-1286562170
1879191688
-2018091870
1435367882
-1434644642
-1125350112
2073543497
-1393604530
-500045739
-1356233461
1091300359
-127095484
694294302
1490129833
-1850749674
-437889793
-1682616163
944676251
1245494209
1637267564
-1512397101
-116684488
1785104450
-524805030
1807683271
1625004300
-236770262
-1263073869
-804291218
-667814873
-1303466541
-327663740
-400417552
221530541
654704602
290364538
-699769724
1944531830
-549014621
589424976
-621382309
478173511
-459329647
1288695967
-717562300
239310167
-1114085396
-165958514
1249903107
-664008740
-411890243
135957856
-688275226
-1836401075
-852262746
1803420302
-156547336
-1011881388
-1394034440
-1876220866
-843799804
570836627
-91805536
1752841231
-1925120225
-1704752174
1518959830
959655900
168536034
-331796594
-1347622669
-1746592393
-1325857456
449121913
-65109333
-404029592
2093890613
1448007215
-30464637
-897505709
1912260292
682619523
1454455059
-809531060
-650008314
1628156297
883288018
-2115111530
-774739799
-712023557
-996965608
883270378
1874944229
2084175321
1274705575
-1883806366
1938949274
-1180086717
-615905242
563736730
1145534969
-2038091735
-295256656
-471300426
-1610666158
69332584
758785101
-1102634179
-1903391102
-1619676809
-774179301
-2130348364
-444603949
-686055108
-1223524148
-1831863604
1053397943
-1833267685
533511812
-715668679
1281355590
503415217
-230526380
1175237702
-1077304074
413308332
-913727872
1840670419
1897840157
-1499612807
-1306874683
-1427906317
-880351020
-547161488
1521431245
-681679099
-1872924863
-856443202
-595904638
1757574051
-839323990
-1545478466
-1634953104
1857592612
-930336693
1428760688
1862036855
-1717824580
601406883
990488382
-980529014
-1046090908
-1425416168
1089584722
-1529180833
-532838905
-518397553
248159259
917219426
236268796
1693258731
1826308261
1562377306
946864902
1895105642
-1456946897
-1914875738
1477262184
1360788259
832082587
-1362036519
1585865849
-1300814319
-1601057525
-1038214212
-340678944
1526561887
1157433320
-350855188
-966413225
-1108241863
1074509335
-2110884465
-1002663296
-1070483800
1448721252
1491072409
1557455402
1273491733
-932692733
1339045329
1733982120
-1854243016
-1125599659
435518262
1498138422
-992143894
-1268229682
-141725687
2040013986
-1585451161
2070068900
-1492480838
1521810369
72704688
106989269
-22600588
-538574699
1965529540
1048924630
-1095143668
1501901254
-1577308105
-2086781529
-732726452
-1923286435
-980052697
674914762
691932017
194297672
2028541773
-1122128459
-1463218613
1426189339
-1302714200
-709190534
1013276569
-902780942
-1329163171
98421923
1783343948
1190263038
-154756037
1819588267
1878390406
-1945207610
-347549905
2030716708
-905892669
934122107
1344997174
1230032474
-1347885714
1610449509
376749507
-382148699
1327464306
-1280709970
-1284397664
-858546535
13903426
-1284041931
-46379152
-778313203
-155927267
1903247672
-1400561125
-1801312895
-537923131
-1863030925
-1880805877
1129807991
274811165
1431962421
-2015274433
-665000571
31613680
78825717
-1301737170
1988607645
1641793484
1751421257
2035216681
-1454648445
-2024886990
966990848
872740662
642805322
-60884521
-191703831
-1117159107
-702158572
784034309
-748623577
1941882712
-299345668
104467156
642507435
-840668463
-1495261553
-1587393487
742014274
-381372745
-1470678337
-1683540913
-698535777
1215787675
505668665
-2016342029
2031749671
1513474409
-787830865
1048430322
1090511285
-1412915250
-110253834
-78784200
-1278286318
1282254636
-1723213067
1205729233
755625863
51390319
240969468
1975302154
-9640436
-378611380
1301309847
-1187051288
-101959854
1825178408
747331135
-531007013
-150397010
-1320279442
11119900
559217457
-189907959
85276121
558212278
-39781879
-431606378
45486987
-66411576
588475126
594052270
1988123378
2048425601
-133243178
-1458263557
703552254
-515172226
-560396420
-1081102615
70139592
-1019830468
-1656331626
1333371173
-1750482474
343105948
-1322083639
771498779
-2024073183
-1022010166
585422687
-933246290
-1577650819
445352959
