1543368844
-597397401
-904146149
772230925
702541589
-415643206
-2008234198
417614698
-1693590525
442865588
427376887
1079499933
-1646582458
1317416789
-374055376
-1795223382
1943461995
154227671
-95259677
-2100773007
731834014
1659207520
972707216
606024678
-1956115420
-822057357
1022232073
-1111568755
672776350
1983919898
-1019974780
-1655298745
-1519565166
2097419996
-1354083965
-683448037
-887697861
-1884615688
1005410388
-1801325912
1456944461
131706675
-593103918
1630462207
780560481
955695468
570149809
802635517
1726746513
265618108
-1655081752
2014353356
1069770791
1773176869
608423562
1925412832
-481595621
1170507386
-309846361
-98070972
1997444403
-377451916
-1936265823
-1649100485
-1894509976
-949741078
-439481095
-1047819548
-1253698592
1735899933
298796153
-39182005
380081047
-1050415639
1466688266
-333468648
211392026
-313930983
-291192699
-1641571133
-1699357081
1382858156
1086552259
-72295854
637099621
-1416374798
-1754405149
269019408
531755229
283488763
-901766684
23401579
-1872402935
2036368542
1415024952
1554013863
2120679738
529056451
1277265290
1761481618
-1437798379
-835893513
648121167
567781294
2128228145
-318030450
1013323680
-311049440
-454312071
-1451411281
1224143525
792419592
516182578
-1631662000
-1636979259
1290333631
-1386695835
-2143173367
1777493504
1867195032
1909052559
-1100308795
-738205748
369925288
1683456672
-1498014298
209440358
-1672994155
210524546
-245400147
-915618833
1823241508
1792470975
-1097974378
617259786
1045221779
53658299
-152099051
-1047315407
-569674170
-166576618
-1030604098
912767583
268109131
-1366538529
-35000884
1479570168
266769321
1632652405
202290906
-1656738384
991540556
836278112
-33994558
566272308
2049542996
-1888271634
1713366226
-1289329663
1169218929
1949121781
-1953552416
623206124
-850132947
-2116676069
713613584
241931829
-1732692524
-1541623249
-994335081
-843623180
-397717584
-1503844745
1073493025
134989431
-882916013
1462384069
-1743887198
335776809
185789335
-1336982556
-1767067055
-1609449122
-2138642059
-836628748
-2026199847
1352425593
-663840703
1930270944
-1371733371
-478827647
1079049967
-738171130
617994574
955060316
2132002181
-851527323
188257243
593388372
-591025655
-1678141861
538630390
-2016459780
1688581130
1217453258
1876718628
841053905
1298807117
-1739327114
129044607
-2102947611
-1934061210
-294350147
-1797514206
-1959847065
1685647708
1191011883
1654465234
-1688874747
1271459348
-286499214
773401282
2128154047
-641389476
428776060
-1599256640
1595180902
-425670483
874449784
1694399119
199797937
-1252167826
-1728363483
-1360010159
-621436404
-633962558
432351391
80470169
1040747049
-298588888
-720639196
1666626827
-1633546895
1281058718
1251838621
515612451
-872148173
-599348271
1518583662
-1643731645
1946816708
-610196254
-1986662697
-581675710
81414069
497752165
-698695332
1669326092
-70380721
1939476059
564401327
535388830
-1241857919
-1461338044
-937163919
-2042058717
-151499486
231281648
-2019935316
1675207664
-641307304
-862842459
-1402258739
872920120
79020621
51264283
1255112927
863415266
1674522966
-932183943
711826902
-971437354
-1802444434
1539440745
205186217
-211351131
-1722670855
-1060999197
1371365858
-1953327756
-194549055
2111986797
-720279797
-199577892
-1480038679
1237653662
500260454
-1899381377
1660316729
-1262948773
798467173
670263436
-14087739
-947374170
-1417197951
2034712755
1050343398
576082782
-1347398333
-589883850
1793254862
901335528
387161279
1835444760
-1419767825
1077946103
940212210
-372648903
1019350475
608289501
-295284718
-446568168
-1164668276
-2076742850
-1493707114
-1493548681
1387018146
-441589913
14032808
-450284920
-1298520628
-1354820917
-1446909976
1014689654
-1604200090
-1179936657
-2113807342
-173645005
912300731
1775376004
-1524897842
-668036798
-1198912888
584849231
1148785406
-2030907544
-876528274
1313173750
-419419385
1124310244
284224185
-773243992
680953400
1188752231
1089096044
1436729670
993412254
-1222930544
1342278578
330206717
73106325
1051964353
-1323569542
686382219
-1887022976
1124851321
-315566516
-1129932039
-390921474
2037612980
-618927661
-1847912480
-666036481
-2135353299
1862057511
-1469765855
2031502623
-214937169
-188472401
-291884062
113650936
-2081382982
-53736498
-540457794
-1694809810
-1688009816
680968935
1092402284
-2128087352
-936717990
1793146798
820869963
207851084
-1760837598
1875172384
-1454815543
1978413708
188938009
1870555699
1406714109
-1732695453
-1540611088
-1917206225
1502013246
-1813080631
1541619434
78668341
-1817494934
-1022909887
-2078519803
1966091447
872459650
1786338112
-51591886
-1264508427
135102343
-267446374
1825498137
2093688679
326642721
257846685
-342784961
-1675841147
-1542450668
-1174952479
1842729716
1424971958
1399277202
233054899
-1338629270
-1201416123
-2032253700
64461217
1482833822
-705719751
-790405931
1829869069
-1782392482
-1215287105
-1338481779
55359837
-1725406099
-482936677
530001349
-638340890
-145390431
1589949107
423195187
-1339569955
1024059867
-2014774031
1725352787
1738486184
-2050245404
-1990859557
1096264347
-7113615
-1721321093
1504827670
-2036474579
2031919779
-1753331477
-1612314156
-1491376445
1530949830
-330040244
1512986612
-200196519
467025203
1426777163
1250174910
2018702529
-1162417577
-1138456816
-228862404
-1561269050
478150807
1572837043
807226989
197723991
-358709901
914450699
1889093295
867326845
-1786995535
-549695045
811337873
606717761
1611605701
1531860871
1174064026
905452079
649478515
1541906040
876624645
1332820664
467293455
735823838
1576109196
1287870961
