1177759201
1203701446
1108594454
-710687669
-320040130
2010766629
780336819
1433748764
-625691207
-539297587
-2080614847
982737105
383298337
-234882854
94140265
-2039231976
155676983
-1809933092
1121222876
-386579595
624605681
1724048364
-1137235912
29151154
-373479126
1470070065
-2016081306
605017657
252322514
-1349630359
-1564067833
-334293034
249337339
1102134283
1378257430
311111688
1082094638
1107276888
-85945903
1063228736
-910697062
-303397829
-1548948974
1826064728
589350046
-1078597434
-281487877
776251939
1224764455
-1847773388
