1280797165
-1662109006
1480498172
1372723102
756381906
2097964677
-1478001446
535969874
1389276998
-922106574
-269547264
-1049829367
1189759885
-1945267686
-546056133
-754300949
355810336
-854138823
-1180732809
-492903852
1187620596
-1493595135
-2092108615
1531848900
1674538196
1032537895
-874389932
-1098927219
-708435268
-1283507266
-901670182
-509633320
-333061815
-1930286184
848538836
-1977730192
895663079
-1518580033
1664996798
834626310
603400694
-956473722
417516689
1272380325
-953663825
-113819964
776911364
142434150
1710429649
-1292946147
-568350999
1940668550
-2028943082
-365778955
-918705278
-2050319016
-2110735821
-1249526315
-1812190974
1022142306
2023156416
1618973354
-1071225024
-259178077
-1924135879
2126964823
-2021916437
-1778238656
496468584
-1419824017
119775911
-1192739731
638711429
-1084110571
-1534804265
2022907900
969622292
657805444
-1470984923
338141205
2090144851
-83673330
-1154634791
1468292399
-1721927924
122903116
1020829209
-1079379645
574329952
-1876701925
756872965
385051123
-2113914985
-1242117058
87889683
269928805
1515407426
1360904705
1004438755
-819293196
-234531233
1443605947
1179631843
139330421
-430091631
2007703359
-961688028
1953752362
1354194938
183463099
1612201310
-1532267822
672841443
424138154
-829030813
1016942403
-428008857
-303214445
-2023309010
-1775488957
-1195192817
-113518289
-1225947940
549533315
424229777
387335360
-210134201
2081385003
-566326025
1860268995
-2146372956
740432927
-1631141077
242386647
-270984986
1627668291
80589454
963004076
1392455816
-525414286
1834839940
472305060
-1948731390
-903709242
-2127153902
1250054884
-784560425
1316777472
-1127714403
1123440252
1103796942
-708429541
967192785
-1196594375
-2123018795
-1208183139
-449166493
-1945422730
1209111548
2028003964
-1025732877
-1334559193
271272055
-1684896306
-5593
2007600945
-609632410
-368140089
747354279
1271157215
-750493784
451795441
1108867495
388070898
-1656668108
-574061983
-247811746
2066586014
1580476984
-2104042515
-2056399974
-413845187
-1920525216
358776410
-637276484
647134377
-704557585
-1672916509
403086778
1022931127
-1603445930
404807603
1196293463
950498837
384299919
1865286009
-1632930510
234052998
-1300181900
-511161946
-1428856186
328281202
-1044035148
-2019723452
1291909214
-1519962238
-654551962
-896377165
629301489
-2089032530
-796699825
-1992674396
-1105553350
-1161465741
1057571395
-1324437111
986776108
1332356713
-1488002451
-196499977
-1025047218
-965752386
-319977871
-1722732754
-1139190246
-839800192
-802378964
1934727119
-1106919886
-1227323657
-980202187
-475195869
-1223744490
-1412620244
613630565
148323986
176572526
307304976
-1388934336
1805736934
-807233510
-476040110
510146136
1970150839
480058368
-1425731195
1635932185
-686487294
-1061039081
-1702222872
-1109776758
1664245701
917893007
1467661446
-1277884372
91872703
-574078471
1752930736
-1398542850
1645536546
-886623774
-2139393902
207509993
1371906876
-1019787330
853035202
2019239840
237171530
1719467243
1912047539
1378366862
1463976563
1215543599
564990001
-1835697273
-278748317
-1084093079
-1163517664
1930485925
-1029584188
-1286455771
419329103
530209
593178354
-494514379
-1578051139
1977268042
55408055
481425130
682634572
444504502
-1726595516
-394143525
-312481480
831023360
625785880
-1196109506
482731712
-903689356
92852401
-312885544
741946124
1403861462
-2016369745
-502917916
-1280867849
1253029392
244717903
-453558951
776228889
1579009677
1903015950
-438541715
-1022633523
1581797455
-492280956
-1193310049
-407398356
167509482
-1981594920
-2016427322
19009831
-1105302828
-626879991
-983379684
-1408453110
-13328882
-409286902
-1546390751
-186084249
2109686547
-1997263005
1400293106
1296578398
1002299393
-14837330
1467291327
1238425286
-1642371324
1779105880
1913803984
1864244416
533277232
1016275952
-351516524
-2021878718
-1628807776
2116408469
547084336
1279899239
-2130674572
1649481879
842539010
-1287787746
1678111312
-948216589
1734322534
1992108052
735399487
1353735161
-1370960475
-1161582878
1211866176
-893303413
273297307
2071993864
-422193998
261161433
1557683712
-1504672669
584274894
-1005856289
195004933
232366417
861574944
1358598831
110028144
1633603839
84817487
-1279942733
772988970
845803886
699489824
-1355986121
1458152453
1133955719
-1683214018
-1407911018
216611397
-261644235
160065168
-1038024222
-2062320890
1560666331
1739035179
1978883629
58530297
1877694513
-165848299
536550277
1381666178
-1109259143
1076794818
42506957
1669212047
2065142689
-1161352702
-515926329
1157582606
-1124243804
1970711220
-1058319218
-2135862598
-22272192
-1855442759
-759393447
-1392252240
935561407
-738643941
717792981
-1959178018
-1295306536
1532423271
673796542
-86103979
797187307
196675346
-123712130
89283549
-1658604962
27296070
-1900354096
764392178
216031854
1189512925
-585853415
-1035635188
-1234497367
943800540
-1674813281
1888963342
-2005877717
680283493
-1833514600
1281058470
-137610191
161567295
-1479114433
1315391287
1129799963
925864045
-28858990
-1809103260
1228682611
1279732141
-1659392251
-869117253
-1720545506
-652328119
-1142739162
-1226154764
-1262172857
-1397656217
120913792
-784430003
-1053646280
1255296153
1254346366
-531169109
319417863
2144517153
-510963013
-1891891261
895216316
40729431
2099286533
-157587019
-1179525971
-553875532
1192474248
862790565
567838429
-981239367
-2013359168
-1651872694
-109040870
233345330
-270601207
-935696225
-1682852076
-2082045179
-446556646
-1311835193
300704163
1888828449
1925754673
1239486665
2066085107
978955209
1388334448
-1570186497
-2015719537
-338448710
-260741691
-1964003761
-1346758579
664135596
1488666340
150601566
1938850359
1694456716
-1220823725
-107315075
-285371529
-1222315917
-1633923700
-1883848726
-2046477829
119571294
-855912352
-523661324
-1037684584
1530878602
1092194879
1048861650
986007290
1515320628
723069314
-1283232642
-1024515726
-1727210706
1276755171
-316381065
1842591264
-1617071148
257737963
2098671103
259160828
760358064
-187188783
552874273
-1022895786
-1502999738
1077434558
-1460025136
-901229088
-2076079854
1811139947
179792996
1501352780
1796397387
-2028351558
785721383
-1768140465
-144788579
-1455093274
1722156948
1145509165
-1442097703
1473930588
1249722324
391924921
1310508033
892643652
-2053765973
1493426553
-1375326391
-207780191
717220881
-956683058
405311815
61151979
2145203054
422544032
-199466327
774697503
1696780241
-1459444801
1265361054
-336175280
1621788481
-242331135
-1079172882
-1942868952
-1595445178
538362879
1930485431
-2127831593
1940549483
-1182823969
-1052489557
-1549827702
485425485
-1179893603
191539994
2011096405
77407970
-1942803642
-990292605
-1481414570
-1578870592
-1727533122
420717561
-605395834
-1367207611
1580777211
-755617543
2125996807
412224631
1179750028
694831912
172971372
259231361
1435801364
-259038441
-1615889075
-328275096
-229866217
-260586332
1960336293
313534239
414026337
-99382093
280418273
-1736932267
-792171150
1372111884
-1631957490
-1300034573
118493838
28502059
-807093518
1256162558
-321297115
589619799
192646330
-1542271436
1519372885
696842927
-1893024340
-1009366166
1220206030
-1288530041
-62203163
989730152
-617880617
-1271097656
1747765702
-1019908633
-654411798
-2006488577
1785458443
-1616198642
-70335616
1275874741
476687953
-1549200234
1910017194
875047461
-883411083
1251368725
-1107273634
-226011588
1320593484
804738572
686533744
-860761994
-2139030668
410302688
1841364112
-166250901
-909103757
1867849631
-1059147102
-33323701
-945939718
-853078440
2055881933
-1909057615
1280266035
657638947
46345853
484253236
1269352459
268882339
-219495787
992104026
-1171949731
-2066581161
635369098
543614156
-270517109
-1875505139
825556336
-802051137
-8882379
1936339241
-1023731508
-879469724
313216554
-208462481
1881103179
-1024080638
1744453005
-1813723811
-911213980
-1506969787
1594234047
1320856511
2131665541
-1677700000
1111263633
183099400
-2056945024
467385861
-1824251455
912077271
56612073
925484098
-584441481
886942584
906709440
270444968
1016370607
1178632851
867459707
515896388
814671534
1012613176
274734885
1310096084
-23608680
666692689
-1918840328
-1162454826
-292043790
-705475640
-1888092839
1781958450
-317394820
63149013
-70951338
591907051
-375759081
1922134056
-2069873812
676167053
1312498950
1105661267
-967651446
1577921488
-517227485
1625939971
-1128599834
-563733091
1916730464
1725211169
-101106773
-1289617022
1591983575
-1519041862
-2045228982
387060879
-520446551
-1440234533
858799808
1426215339
-1970091825
117752479
330213515
-1583593636
434968635
-231845619
-1735009228
-1584713526
-842231949
-1292319840
1985487583
-505983281
-922267738
-1231679223
-1437496672
-1720030577
310579069
-1805589269
1886256965
-1624588445
-429168065
-1016123383
207513053
-325445137
415473938
-200099980
-828415101
1004219067
-772646430
-1365650747
-49809544
-1385779282
-897009915
-1922882373
-554025334
-418006904
1762358191
131310970
1409596517
-246451944
837803618
191932009
339939381
-710663325
-994374727
-1802522529
1201805088
335276976
1558410608
-124507207
761736089
1746651172
-66173107
210794579
-1877530107
562317844
1843012753
-1933897156
-1546082279
938783685
-1060377658
1605213545
787138271
893835597
424287321
1207619620
-644775660
1953500799
2058269074
161600149
1544524801
1273848569
302745474
288677685
1123523879
-1127058237
1223942030
1696047156
-1705036347
765754642
1371697621
1151713539
601073968
-1135927642
684805295
111169345
-344857786
2023691682
-384928872
1467952312
-93854930
778250378
1328696488
122475006
-449260954
-1326315550
-1690907571
-1674878722
1768972093
-180904886
-408053427
149569100
1080058680
-1957239789
-705562247
1837436808
-979044142
-1641739273
-1361485247
-2095251523
834262608
-1436294538
298138298
-71235766
-1292588882
812502712
660050164
1090709929
280529396
-1916009357
1467123974
-212149164
-480406378
-730958183
-1061627237
-1392559003
625290747
1106277290
1951276422
841939022
1789338776
-2114351407
-1023599070
596763124
-2051193322
-2051177043
1374382779
-1303211845
-635529072
-639710740
-1221130172
1015829053
223986273
1993880956
-6773220
910051110
921311670
276341431
654636198
-254632182
-253758630
-1428196875
-1313235610
-1009192267
1453044724
524820429
-1074053032
-232938750
-66052287
39262466
760525394
300679986
295367598
62610730
-8907506
735728711
190973630
-405669731
2034674299
624674416
-356361883
1781242631
-94844575
-1075517952
-1950997191
176154662
979948993
-114350491
885205643
-1259084533
-1005466159
-197885423
-1542636739
518570678
-2086902807
-1721550229
-1994770545
1587153481
-1632035163
1775602535
1311115183
1444355375
-1591994370
-1875071734
268286141
1832352652
2098094078
1556839340
-1387087965
-1487993386
-5680331
-2118454124
2089475727
113948926
-203715823
734938134
220955496
2011571951
1129825447
-1803042251
1078063116
-1024242484
1825825216
-219874165
1856814009
167054140
-732196973
-1293161383
296181530
131417154
-727560623
1555950922
982664344
-1774810087
-429223462
-264379591
-1292040859
-56462036
1461280239
-1965455535
831662976
-1495132686
-1116372191
-1651223703
-1005632390
-188039077
-1399559025
2025082956
-1141477823
1986697158
-577046745
811105646
1635272814
205713111
95045916
437390189
2117288500
877776258
-515913608
-1955186983
-1877213339
791635422
-247451497
-68929546
-1909549943
2096683335
950625477
-920501783
-2116481458
-11100674
-882907133
201809034
386616970
-1818385001
-224927481
-185404710
1871706174
-112328563
-1455847640
288167526
-1201647370
787602398
785221166
-1107423159
-149748941
-488447497
-1944536261
-445336635
-1377899630
574935039
-507832453
1422711615
2009784820
-1430868426
-808075087
1396858596
295647162
549735496
-366880883
1815717004
-1221948714
1344725218
-1618476066
1317823865
-831426843
-1620059759
-1863851301
-384974733
-481688520
-932073168
-569100082
324636531
-202911524
-1900470340
367511721
-688833122
-782958754
1017578397
2114423137
-453649302
917118949
1452122592
879934810
-1887742993
-251667569
-182197689
-1329323054
1899125595
-1736706055
-2125472929
-2089449290
600299679
805873503
302413433
-2115184659
873106205
638969255
-1088996617
1661841336
-1221029620
-1682660126
-899090817
1064277749
-826361984
597398951
1093363086
413648384
1771782122
-83099288
741679356
90913232
-2074215098
621116562
-1832121479
-87287099
18106006
-300467522
-1337286897
-592320314
-608246440
766572618
-1708440253
1734239914
-71039294
653630125
-230564634
-363373062
460839324
-108164301
910793177
-1538588250
83514705
-1673429363
-849750217
652723127
-900317438
1566818620
1590558958
1544328682
646890222
1686806968
-1375146687
191836180
-1002820591
1948648510
-1954717540
1248056008
-177444471
-937754322
-1541063578
-1685291002
-1968723244
-1353496238
370181638
-1558040250
-1262548926
1211942844
-1823865991
-449232525
-1246596336
710364308
1876845636
612558536
-228299520
676419912
-963809461
-659814480
-17934039
1515396969
-1176943214
1414358473
-1289552086
-380469082
1033209396
-128855269
136067350
1844910761
-1390336698
-172825441
435982384
199400407
1829683610
214245136
1547511135
-258353578
-345023033
-1681267260
1238952403
-1955976238
1313850954
-304473900
-490646434
-1028941460
-379844705
-1113277317
-215912897
763511810
-1883067695
-591969405
265827692
2105490455
-604176077
-2007096330
121170187
861044709
1080264709
1715345447
-1083930660
-25538123
749199614
-1719960253
-1937861278
1699160463
-1126742630
63912244
1453657214
-157234269
738272621
-852833129
-194355184
-1546666767
-1003603432
-602642801
-20289182
1556078933
1567686835
-968094375
-943257438
1737096787
1083263103
-899243136
1601021362
1662553479
194128680
-1969525005
-927505726
1888184403
838087200
1283317104
-945513779
1363602478
2063247021
1300428397
-1622303112
200577633
965250095
1537350900
1541861152
-1531767779
1641465542
665999947
-808927995
503224050
1266712940
-1332897862
-1335846593
-1357122019
813182180
1984839949
1976105740
1733525877
1171885788
-161488397
1340219443
851274392
-1343753206
661609812
-145497105
-1052185307
-231308450
-308883956
-1600442556
324531610
83500267
-1951603857
-962115763
1842671900
-1611245668
1334454117
-608074046
-650337400
1421816920
572548139
-1100314460
-1777836526
1216785440
-484944626
285257365
-1299664061
-853914232
726829494
154174678
-354753573
-1179192281
1924148588
-278345934
-796422552
-1022075776
1820391413
1640990555
-1100487402
1268743792
1510376545
-1493839772
1190079246
1845114405
-1526597556
-692233705
-1796394756
1026776465
-1845732924
1053287677
526985956
110965402
-106418992
482469219
648221458
1515556278
-988671505
1197869515
418813767
-395320914
-297637769
1621901937
-1458717454
1788984376
1898860902
-1770400809
1081973690
-1514922665
-1968268435
1311111161
1908188632
-797971647
-754768780
-7470497
1215937067
1453924696
-1210966088
-1738859597
-1847394794
-399119252
1804488430
-1809245148
1551037204
417423339
-897043445
1058192770
981001913
1818563753
-2105198708
-135605804
-468839661
-1393636164
681208724
-363706301
-1678057872
642900573
-389176525
1070753708
1301168955
330252008
-816702969
1476236169
216783745
-1014258305
-2040861303
-1065876451
-1269631411
-783393379
-632294415
949200246
-1448173843
-196118807
-884987002
1974174921
1487554152
-2044655427
-1635368308
455207534
-312737382
2046735978
1232067384
-1804308630
602133941
-1964871868
-819120291
542468749
-878071575
-1271600304
-1629424899
-306303109
-1518497881
670713378
1510611599
-278255236
1001320860
1571686733
-350471779
1391121662
1950304483
1577506053
1168114708
-1096780872
-440771574
-1854755282
1125752922
-1224846911
444182317
-196638394
-231180709
1951750076
1251808172
-759030646
-343389128
1702262477
47897688
1203477689
-2046138495
323752714
1986305489
-1538913592
1885645341
140423115
-345260057
410394586
-645316930
1515417107
1972836174
-1582172316
-767307766
1964769469
-1792183244
367690294
-1696939742
-1994998009
609718537
1097029435
227769914
2009662502
-683333216
-436569349
1276428883
-1787953588
-148892845
1047753970
-49146597
-1170107292
1529918322
-938461161
-235454510
-1068409028
142589036
144040683
-1638874981
1510156282
1099515579
982160697
-1303750567
1723563435
-109132419
765591487
-1708316477
-668784588
-1495049813
651604605
-442909163
424976148
-676226676
-125389386
1042556883
788556576
-589983850
-739297320
-1859867278
-522391941
726905308
-750605241
-1494288271
67121219
-1145436710
1230329650
-2028612962
208447344
2005782883
-2099745243
213324317
-192291104
908196528
-571161790
1629466715
-2098818356
-839091425
-554753076
2100355539
2061747517
1446425041
-456429513
807294830
-775116339
-2050450038
147900246
1303044450
-577615169
-1641095139
952395370
-158646412
-1084996167
-1423727892
1220913968
1704895293
384828132
1865526562
790107761
-1845329728
-1464387706
-364099216
401809704
-1018461534
-1051439886
-1705652707
-1050301054
297378103
-1177225702
1127255009
1136989359
-277876783
677068826
-239999166
-329508834
1021089936
-846776939
-461392816
-346983296
-786111474
-435222805
-1208910714
-1013392597
-203105187
-2082490753
1789473538
-816884005
331127085
-1839238834
-938128719
-2144351382
257391455
1961159425
-1766779684
1985692483
1377636519
1114498813
1975427300
863513960
506770843
-332009578
1059015436
402594148
1819673573
1577922953
1252546214
237324926
201248337
-1092524476
1724930670
-1235742572
-397297135
-239792153
1635150298
-2117624119
1734262812
-970224790
-408649236
-428030120
-873099316
-215672747
-1691670193
-1276681491
2093170672
-53995232
637407927
1454644401
1856169097
1230268771
-1625789032
800297162
-127379776
-1688275100
-952991777
1439909536
-94755301
-130073263
655869366
-1628343788
-1926686648
-1063953727
282528455
1640654266
1893388072
1013299303
1081287768
375164125
-1742696597
-1187944455
-1045980427
1735897561
-1048229136
-1220934450
-763405791
-980636528
-1334754304
781062764
653377606
1525608424
-707057529
-578712247
149999687
-1515808095
-1899734654
1741130459
-1096032597
427261668
-1982006938
-1358541898
2000983237
-836941259
1163811858
-124752748
-1881678476
2066347467
691034522
1352314242
1418840828
581350279
1190676555
721473858
-1180760037
604747424
-1667466343
1801301008
-1037616727
-1404582263
-191138542
-632860658
-617899013
1249055941
605884387
-657165381
1450628822
283210561
-1427477434
1159839255
-147896514
-1934272481
1766840803
284814772
-1760259042
-1109382168
1651580389
1083392770
458021301
1514993386
1913617756
-487952877
516910716
1086030093
-524867041
2097006914
1086351047
1619173865
1887130502
-1253273999
-349481806
-1646060094
-979080552
-1791945847
12450687
-918539663
2086921466
-671690949
-1163688871
1614915902
-1430459281
1093826146
-62976792
-1313649240
1180540226
-834287561
-2115960714
-1906863126
-698783703
-1330340348
1193558772
1730539596
193517636
1875468526
1297865110
1913884389
-1915935373
1556291605
1211755240
58094870
-993159365
1322485035
-1501073108
477068752
-807643548
991689263
1282418667
1881069659
1905932631
1288809792
1438230135
352796907
1943215263
-819562851
715905187
838013002
1442438567
315800797
779584473
-875205973
430409752
720059391
-158622165
-1250129444
-1215449860
-1757627428
232448788
1933402138
-146916543
831616729
-1465184788
1659310705
-1086069064
360448568
970382793
1602156559
-1422459019
-1867690597
-2033278119
2110335408
2074743799
591650420
-2073799981
-1998238080
-1451312852
1902849034
-1224075311
286093754
1785330335
1809208665
696460374
1382804969
-967932762
1583630253
1852440057
-1721693102
523183471
-1591022884
-2087977889
1918770700
-1760705254
-1933602269
1182653655
-2003750771
2001184082
470725240
-310831596
524059986
-1016619948
-414892421
-370639829
-1850655687
-1910733036
868119745
-292038338
-723414676
-1249438432
102707826
1609421343
869881317
-844361091
1854323951
-2102233733
881951097
-1067279985
554133683
-525508312
1721532676
-1647840096
-1308353624
1967151305
-866473192
-78721400
1584631420
-122364513
-83085689
1441405952
-1811105886
1071563099
886418061
-1579801003
1513960680
-7165052
1667392447
-1828643729
1327869841
1146808974
2083060498
-2041669063
1011717022
103576295
-1462732181
-1805656427
-1806507370
1539297748
1848268797
600883621
-566578482
-1530846932
-1234809895
-1718615979
180291340
1893622483
-982724895
460914581
1232226805
1722168052
-940634775
1525157231
-221684631
-1135089597
1089348833
-348584580
269292382
1486567896
1473420358
-424501403
-185074319
296723883
-886855506
345970588
-379919117
-1468970148
-1103218370
-671705111
691295430
-138967649
1599214778
1966255507
1958877414
-1852888609
1753685581
354871581
207466339
2138149372
1040739561
-1719211043
629666697
772853989
281446147
817621121
354964851
1412555442
1817867756
-511173392
1245839980
-2096101969
-96234518
-85699488
1140528664
-590679159
-1490933444
-1881875044
-220368982
-1377790314
1590580378
663833903
1850607984
-1627080343
-660270501
1120842503
728884398
139605595
-131509798
1851455966
477153539
1108993047
-495286717
570435212
1993473409
-684793331
55759367
-1047122899
-175569567
800374481
1390798116
1835122699
1123720195
376547406
-634918726
-1886736123
1757918881
-618881972
1048639269
1278017230
-1355554704
-180761566
-342532491
-314691722
-38421292
-565114275
1241871525
1038069277
-1669854935
1435695108
-1883784771
-556417515
754332778
-1572790559
-1082028237
430164158
-1699094416
-1960512913
-731755967
1998854488
963061425
-207773686
-1112575558
-287777596
1553815646
-45854346
-786774923
508217045
-1056843930
-480360521
1994828800
2097289123
-1459279628
1636835997
-1514179112
1658980254
-1145630601
-495713061
982373120
783391237
1299397671
-358257412
-357199391
1545814600
658624044
-1484017964
559265215
466505509
42063104
1278976938
399251313
739390284
-984686686
612333752
-256512655
-1458244564
1088780843
864573912
671385927
-1258830363
-223278795
1823330430
1628931429
2116391975
-791535299
307272945
-1745202728
-1354090438
785199230
947474340
1537334324
-306009821
-2036967165
711856748
-1244702071
1216476721
183534312
-738842886
-1788776687
248141034
80682664
-1239532385
1203906008
578563287
384386547
1798673877
-751596705
1520872629
144621427
-1773322459
-1501422260
-2050679553
1990470653
522052038
907645325
647988497
1456064453
-1998704021
366665323
-969537918
718986707
-1832622211
-2126817811
1169619689
-1391524535
314776389
-1199267780
317770073
1819886942
-1279575880
1438246154
1179071923
276841063
-140041931
75851745
1458757408
-1287194425
-1178891449
1820751274
983902720
-1169738086
-181532159
-875419773
-1996448901
681267119
-292103901
304359120
-581769727
-653900378
-758601867
-1048951910
-700861859
1255842546
-1480466436
-905930121
1395296678
1417208240
-817045240
1850326986
1523860511
1856861541
576460195
-172638542
965115598
531280490
-1862725991
-1830344866
-718521975
1871463841
-591468445
-565249565
444606232
1214473233
-1712161926
1545529137
-1014047618
1314730187
1200334796
1188056697
-710454975
1312649617
170626576
-434088512
883119100
-361699855
-888673094
-718711433
1560347416
738358515
389012804
442472128
-1626022043
2068835674
-857815252
423238851
1731002021
677325913
82208593
385469195
-500986842
-691570797
-953709914
1655256743
-1161996022
812295958
-327190269
490887652
-1885037085
-96166347
-1739122958
-2007777689
1975124139
86942653
1613576525
-1141520388
-177289588
373167853
-2085504721
-547686234
1530843251
-1761634015
-1668050958
-241742948
914639363
-1691739832
-19055877
3724381
810684106
-2141575397
806863385
-206133990
-660089143
-1490530134
-1084559717
953035926
1098330688
115651585
104973224
383982570
1164113528
86873828
-821384324
-466371473
-166245196
914039586
-1131220614
-277028258
104728936
2048670700
-281225479
-1987516514
351726991
-1474011953
-1851879267
-1557129283
1279257675
-118913384
915267577
639066956
-207873028
-1296821464
1694716645
1428872849
-2046831814
1847667872
1823489152
-990594018
-372210592
515357815
1699121167
1346101150
1805983733
387352916
-1190022928
-1359310600
782599472
-379536052
-1187239255
-869904183
-1073536015
1105245261
259700780
-1363118601
2109885867
77902797
951838205
734657221
-2059260632
-373786916
1268026917
1047536908
-1451954493
885455140
1125118533
-1142809804
1803465331
164913775
1527452984
966667632
1837249816
-784542733
-566101415
-370627633
-1578402090
-368430338
828479754
-188726835
1400382763
1671396841
-1705876156
2118029452
953748741
-1409443053
-238243945
-1250282346
-1318300653
102896724
-796084719
-855429083
1020620829
1189800525
184892401
-1658659640
-754003790
1268706487
1383794063
1068264181
-1976576418
904717136
1386919542
-157896955
-916212094
-253523052
486619638
-172025031
-1993018659
1856694313
1601100951
-798120391
1356786321
-1179564662
694673878
-946959928
-1749056518
481889242
-2017499986
696115289
836262991
1072981749
-1251192507
-1688050204
-1979708636
-444127450
1698948581
1948422373
-1018920996
-1973849187
1725333299
1837484297
1151985001
-908771605
38474180
-1498692899
632057529
-1757888758
-1139845412
-1957126919
-501621578
1213927778
2035979419
-755558956
-1429628675
405060685
-27132387
2021597808
-2086303765
-1930954503
-503018957
-683439314
-247142421
107142608
115111695
-990977691
-767387627
-1991759630
1651011124
-240329080
670272743
272566527
2034531686
112083161
-2034689507
147328411
825699188
-1212013380
1718569939
1413338036
-247140208
1928736481
1348539378
120308820
323147356
-1389857238
-1003183003
-989157782
1032723347
250233254
-406332973
53373878
-342247231
-1161062176
1108171531
499390045
-2000224893
817694598
1596348064
-2075873541
1496666779
-1832027959
-1701314998
533866155
-1600377233
867622543
-1431112880
-654172090
1972000666
-889958057
-14694391
1926860305
-1787989299
2010826749
-409289461
-885365297
-1991933634
-633376670
-428833591
-223623665
-558121188
1527128522
-1288408100
1107759035
-1087190468
35819334
492164735
599759997
-1051073838
585028118
1975935812
-1595150641
541398097
-72699385
-1298573777
1828340263
2039512694
1954845139
-1855960983
-1126413096
-1828123979
-2062130383
-332010042
-593623615
1718567744
515980545
-142528860
282668590
-154790333
-1718440589
2009454355
-1277363344
50337913
1794367081
292435179
1244786528
1197775002
1147883944
295273158
-916412221
424853520
1404247926
-977890304
-1878970260
-1926823678
-1040392010
674824254
-299619875
314584231
719360692
1869739261
-1285737235
454684526
-683269317
2046396993
-1934582503
-996902227
-909959806
1742041626
1513442720
1560414112
-2097658994
-2062801626
-49033914
538481961
968199822
-596396319
-782437387
-1361600285
417766940
684601555
-899382051
-939996416
-1621910842
-833242531
-1068204869
-1510099771
-1035694318
763791462
1694500613
1091475242
1774676788
2016134643
-452758157
-1444937146
-1848599607
-1176703424
-706496099
-144910482
1124237727
-1895647071
-1182461641
-993662943
555361789
-1553249550
-387890900
-2045538442
-627776222
1422319158
840809148
-1636056468
-802596525
-1190410538
602991929
-72979247
1381415871
1821279588
-1289366244
-1714154273
-229761030
-1633296203
256324767
-2098278009
1865502102
724194963
-514263332
-293548006
1584703097
609481950
-298013438
1530584740
-1439024765
194739604
-2085801117
543943432
-1788127094
-55727204
97907124
-1345467473
189313961
-1738858643
-1091032085
-1506237015
2054684133
1252559418
-360629667
-689401507
746757750
-1344353766
508706239
-405634510
1501609460
596524727
1824810822
-230681530
-142210750
-2044341440
716422988
1886518560
1320752265
-2022449602
57603926
-1722434167
-201025946
-2103164382
-1599237509
-1739067626
-1548778183
1372855970
-519677189
-584892587
2102845845
-1272105629
2077111103
2040983280
994026199
-1259884382
-1412968716
-2118823367
-1495505451
1502696584
638253009
346958535
-1166927516
2145012877
-478460567
-581570110
-401109445
1607667473
1222039346
1776134316
-1435754848
-1585586554
1479399810
-1718262482
-1821254705
787129385
1478109784
-1566016384
-546940798
-1970235845
-1620668503
-1320286051
1870241926
-1951305129
-1621473485
1986742446
-49699909
731260872
-1393101309
1823201300
1380783443
668049096
2008445110
1199287714
1624979018
772046605
-268630523
361923496
-1178554174
-1800324562
-2122570307
-815664062
-1472257483
-2034901903
-692925056
234638124
-949094110
-174931003
198657369
-1594017935
-1070879037
-914526888
-1563918276
1458722911
1502002117
-2057051823
-1247514600
-567704677
-1244688870
1905653846
625164686
1821302397
1982048014
-154294752
577155535
667056263
1059260261
661125506
2041853055
1100822621
-633678419
120482676
462671332
-985353680
286864887
1806901942
-1920651899
-522395758
335635275
-1335826595
-729125050
376310814
790243456
-1568585280
1522765748
-1267678979
285714064
2044799923
1860982191
-823482701
1494862634
-124975741
-870660305
-1282504157
1025909744
-1564373969
2028847611
1394198518
-1508884799
-1481778925
673091888
1987879064
-658657304
165376405
1250123975
-398400701
679876396
91497604
580378767
-1742569493
-1961788956
1197222750
1330995107
-2111789413
210518188
-2085454636
-610699218
-1883949222
1178572646
-889741944
1622227140
-1443161707
-1824176197
-325667546
-815291893
335130049
1176460896
-1895541679
-622958012
414115625
-1175144050
-1174616249
-786468710
-271079680
2028700535
-2078595580
-1493070106
-1320595780
-257617773
1738243094
-1673734305
-663760883
1978375378
2127611432
763053009
818423491
2103204945
-1772864736
-255620691
662687786
779556270
-765665935
1176078575
-1902351139
-697218585
-447900024
-289594010
-310973555
-437508508
-1314423189
-96539755
26779138
-682906628
-2050930944
-1632583545
1862894393
-1509649126
62316064
1344112367
-458993311
-1502858118
780827692
1671475877
230589832
-1409646646
501079330
1467167417
362874774
-203942106
-1595939761
-337829150
-1603755081
-559878847
-1514326031
-1581177098
221479761
547813334
-1184378527
-1842248652
-249560801
-823519702
979336188
-204601518
-1032499527
-448331998
-1579592384
-2085582011
188030141
-1115486341
-1280343955
1007235423
-1314494148
-1005870624
1500280661
1147510570
-1829557437
1483063038
-1491114726
1658135398
588741113
-1742996665
1082457894
603934905
-1451672924
-1679119958
-1458027924
-392808191
1588451435
1122932263
-53737247
-1179882168
1871136954
-398726826
1688353367
1470185513
-706957635
1541397735
662631417
-1930398598
2098289839
1877144305
-837701125
-289618562
897850817
1755817455
-2030135841
-848493165
834101840
-148945753
440690593
346354127
1760218399
-549121430
-1878343549
593522867
1060433806
1861850438
259290155
543215916
-1718563670
803967207
-1473004138
1842571649
-1543667979
-1868903473
-611987164
804315223
-475583327
1880438129
1604638825
-383635512
670217734
565820257
1488575724
-75158201
-577664869
657362712
-1054649836
1604117083
-565172303
-44659918
-856091210
1769588924
269558135
993009140
2034805826
511965804
-1535612797
-1294737661
-448470974
-1387889571
1305484224
435553907
-1301379030
-1180768689
374936755
-2069921853
-953068365
-1465580428
632317627
-1631692463
-2059831645
-123854500
280088677
472743877
-1375505515
-667392366
1308561691
-327178766
-815929976
-1467266160
310516338
-1011517336
-146270992
-658359563
-1959800942
2115931885
-1500224017
-461909182
-1697731472
-742373466
235336414
1336609817
-1196969607
-798607487
550525072
-1583393096
1955527666
896266845
2036172777
623510544
1806334816
984446664
558674972
-1556831559
-830097647
645421936
-808309965
-1970947637
185800508
1613424126
-641865719
-244641774
-295981550
1552563725
-293888783
903422240
-1112428033
678138921
306829013
871273808
1908087795
855422497
2064022000
1301206678
1857984651
1381242758
-1590866126
137129979
1756946546
-655360626
1762604538
771987364
-1276385840
418860496
-1565501599
1040984704
348666674
-1566037154
-1108963832
-744824820
-1444530076
-385657468
1613444780
-1622651844
1062700376
1050079257
-1870720821
1757142851
-2034881930
-2054570024
2126210457
-1718162111
1080698126
299162886
-1230113940
-1686560245
-1680270648
-429543890
1788254609
1248980649
-986065995
2069833263
-1297734256
480339168
-1868797167
494583993
1946314827
-1906496291
-2134298165
-913183733
-1979360377
-897202541
-833266396
-2135000251
-982544064
-105242871
-239677861
-1638976289
-568271986
-1454906340
1827118899
-1148607659
-1560993633
-109281669
-1294626098
1579379367
652268691
1748553769
-1743260778
-968664534
-414173378
-679279825
1611562525
-441395047
2113480036
-179488631
284913922
-1927938014
-1278913746
-2113196178
-1383630848
1461567888
-1095564680
-144530337
-1625278104
-1916292521
-2013259966
-1620603907
-1433397532
1362637966
-164836782
-1958182489
-1483233035
-1115942060
-2098331433
71145816
1657862451
-476261932
246494959
-960217896
-41393759
-1958401179
-1318999696
-1007348517
1730255487
-805729400
2076293222
2108313900
1861104419
1808569636
662544833
-1262855652
1086192545
108587676
-1784908073
1785621574
-2095233738
-260433561
1537151276
1289882857
515870962
-1891788202
-1564294412
-1242734174
-325284269
-12907249
-1572449837
434867352
52760929
98562456
-283461905
-866269248
-507503380
2827491
1895908864
1833221349
604949037
1552198887
-1949587301
591958269
955986812
-1470169371
-25725439
304103546
1199059341
1677519472
-1112177737
434322320
-1419722380
-1500851295
-561756256
-2007683869
-543000171
-792059029
965832847
1556349071
-223904269
995517232
-866171821
-835419091
217225876
674004968
-90401430
-63904006
-43081460
-1723948830
-1312178486
-1053199233
288235653
-2138345189
-2140892442
-1663293434
-2133679683
-721776158
-1310735645
658525209
1718728231
-1602675232
-158121879
1277528851
-6647281
27257181
-456159372
1543917789
-1725034731
-1695202995
1877785139
2003496712
1253427481
841997826
-679679016
-2021588263
-1752066933
854153262
1853204599
-465809885
1006441742
-1324387029
-164754160
-2084754780
-1469332700
874040468
700276561
2145700523
-875913548
1025029701
1409079729
-261310716
-650238341
-530820176
-215324923
1446396946
24481695
1245662323
325442810
-271967350
-615444388
2111146097
-1864193973
455214364
-609174293
-1040519366
387967632
-2051820984
-1584369462
-1393228889
772054828
-1282278225
-370733180
390396683
1569390693
-2081877799
1589470414
37571697
-1855984651
1318022595
1607106623
-375704412
-1558328811
1896302723
1447604220
2085189118
420588683
-359486367
772007864
1577379760
-2095777538
-158293713
1862358620
1502961075
-811858838
279109754
187610708
-1687530658
611088846
82123866
1556814735
-1451490571
792360483
-1013406527
407555791
491647684
1887702048
1826106501
356577422
-2078097375
-999126314
1566827170
-336428569
-201365629
1803634237
2045907390
-1010970703
558006492
2131736362
-2120282060
-1002966621
-1117414043
-304815213
-1534815243
-534362524
-1271670786
-247445633
-1634293333
481188486
1293474097
-78161247
2075983049
-693360117
1976929875
-1312513568
1369071523
2132192914
1527789465
-814816925
-131091358
-2086883438
2079523370
343794010
1641376556
-1285806708
1602175469
-1733420457
161603583
-1117693474
-1751937160
1272538462
299388198
-1814145528
-729550892
-626857653
-1813302371
1457274227
1694540420
500283023
-929328621
2139095523
-1257992315
1098997061
470287789
1724685202
-1877370685
259041725
441452811
-575666190
-1774855036
-691840778
7711805
-2068208032
2004349931
1164484867
1549010269
1530795407
1957389307
-2022726826
777707313
1662728723
-1318116118
-1787763103
-270672150
1518928274
-876811383
1133635213
390195462
-459666389
1278663598
768163640
1058989899
-826181984
1220555953
1157377996
1383810041
1546075777
-1234745193
854205834
807207307
-82445091
-1394261129
-322049098
477863418
1691683770
-432021289
2131333823
394699622
-578190022
576293130
125222818
-1399383478
1331221328
-227553617
-1135221591
611445338
1583481107
-1023497453
481613806
-401057681
67014164
-475996464
-274402601
2081574929
1103173451
1168300654
-1945057440
13155090
-897357734
1696448603
1198602565
-615178914
-1703695528
811090896
139616722
2079726287
1086698709
1160227517
1731577366
-1378719411
861153602
280627098
589026862
-1375931454
1819697567
-810391253
-619489735
1746895060
1492144171
-1008073888
1167628602
-890241739
-1541530964
916269454
-870364249
2007562732
1720278463
-1540903594
1748265405
-1720369446
-1026137842
1677273453
1820398572
-995492988
434573549
-1026915579
-1123627964
2096592201
-100874757
192017625
-2112700175
-5329688
-433952239
1766918940
-1897992050
-621921253
-920996668
837904058
1168490232
1589975349
-179297761
-1688535926
-928494202
-984084281
1632120587
-1429824019
-466644385
-503924745
-1114663905
1044293711
-777059657
1277953909
-97633397
167569468
-250876970
2112782015
877750747
233881973
302403396
-2065641238
1081289136
-443590720
-1244880576
1173527481
2129971502
508930800
811505774
1349895954
345778612
248685346
1561455363
840348372
1493566763
840188379
-369025647
367238078
-1216430305
1951048231
1497222907
-2081910740
-1199114370
-1657813576
823698561
-564271358
1859032105
2033263140
1490151667
544829546
129625903
-524753486
-74295359
922850144
2022425498
1478287389
123904816
468602842
1830265719
228915738
-2048016677
1923542090
-947837655
1617868331
-766716255
1331332995
1281160243
-1121424730
-935729414
1279577207
838270162
-91197867
-495218701
241968320
-1245029086
-885247875
1930630184
-885878447
-461684360
1349572794
1138354530
-1158594344
1290374057
-692617804
-1546775054
1473442096
1560996781
687996844
-1416527235
1483770014
-1396157
-75789703
457100055
-1447886788
733357654
-576266074
-1377794174
-1526703779
1517235712
1926027634
-2113211171
940898275
794230841
-1811479442
96156805
1967821445
-1926011538
1149399002
24624711
178891142
1815055032
-712148262
-1317223632
-538162457
-887888431
-715176579
-169834459
-2093175478
353724542
1957499531
-1845868133
-399332263
-72112766
-1878387130
802846825
-1746720837
-1885328697
1873014238
-224777557
1297411315
1341502069
1753025292
-1898703470
-1268397915
703792491
316010903
-1491733530
1390495140
-602904843
-1199016208
463989288
964157819
-235566932
1363110493
1575678058
2101552872
-301469679
1371270779
-951810453
1328668517
-734025003
-2062923330
-186354567
332353110
434175183
1694477279
334183869
1843106569
201836712
1192593547
-211564212
-230391949
695068549
-1667284383
330961425
927361573
513728833
-762787086
944271648
1192007798
1238529800
-1055056160
1389202822
-1474005275
-441610619
-484818116
-448303775
1160028548
297289600
-1632257876
-888136162
-1727036536
1400480107
-2021426954
2051126734
-1609305127
1559945080
2104397375
446937401
1190840501
-1955596009
567759811
-1224230864
-205326480
1519206980
715028232
93263421
677637082
932434978
-1342530033
1714370829
1582457937
2084002918
1170536951
1826669219
-1242095263
816820649
-691714413
343062100
198179649
-1090677250
-838816210
-360483688
-253260960
-1183086237
547176257
87173026
1317765853
269104125
851013012
-1540810643
-1986271570
1339017895
-1224056676
1686806086
-1954196648
-898103405
1236755092
516531277
-1784002719
-1285858803
-856104277
1045266841
1587213853
1025712032
-1072406426
1889609871
-83861434
521361796
1907984449
2005084229
-478347640
-757362230
1529820422
-698711434
-1356689122
-384795351
-764544930
884638420
1377572039
-1402757939
-1618784234
-1001416972
-691196366
1011151040
1653792420
-661404952
-913185051
758316295
306865865
-1351671054
-1460539089
1511312421
589321672
476460660
-327209853
-530812024
1874710939
-221673983
-403312542
-1646550368
-514655783
-1323529044
-285667812
1758138832
-1392257865
-1611350360
-1425097493
-1058811213
594391129
1189948679
-1200816708
1599071125
-1937414833
-1647294913
-528424709
-959394616
-900393231
1499930297
36303610
-4720668
-1980118496
-1134109505
-1909766753
-1285100313
-525861384
-757861671
672417612
-975300290
1666482973
-819547200
2116627704
664371137
73190812
-82678661
-417270914
-890431722
6289717
1320166525
-1724105249
1203788356
788843807
1195432419
-1625951639
-1787387856
680870966
-1180335050
793102096
1987785347
163968639
215359083
-2144802152
1185869838
2046338947
823575792
-1191467990
1802581849
-1498203477
2027526108
834148811
-1267244563
2100641584
-1398127773
-1727202290
-1961924261
2100708942
542291737
1524497228
-1649083748
-1649284670
578139940
-1631790300
-649078389
1609450512
1648841477
-1804565157
-1835285067
-1508966308
685944529
-554162169
1027959236
657409637
-1039352572
-799515268
299223450
997003014
-1962710303
-1019979642
718645470
-1430637495
343766139
2089123029
2088743551
362434965
1621119355
-1441904946
-766623438
-194084741
93334199
1261806986
-1049073244
-956399655
-2032759263
308974317
-1080885280
-876226843
-286992804
-146240903
1041351107
1191628457
-1308576594
-918355425
2067627295
1746256843
-576817058
1462180998
-1074836222
-552071058
-1996496777
-1179296715
-1599786895
-1276235510
1346752665
925218067
1251650313
697381709
1175064619
2143282964
1617411844
-948748164
469391765
243980498
-58064544
-973625582
1598642747
-1486304892
-1569545019
-736974995
-1145654488
1123248565
212672581
833189795
-617360175
-1397659683
2095525241
-265196429
1979451928
-1523254408
-665499290
-1198104321
-470626154
-2007154138
-153192631
485871500
-246379399
896510385
-439571314
-1966383865
-1120787549
1970496150
-1674342276
-1279974766
16636530
643863471
1852225749
-1654277526
-546544347
-2118462274
771275985
173911631
-1567920594
659078373
997415019
-1717459548
1486371285
-1917835151
-1722368606
-824412451
1762699750
-965769429
-234502182
1570143276
683486159
-1793729789
-1917555143
1847683627
-1581224674
728209818
1740823967
-1342069684
464534418
441737998
200917351
1572864810
-1458816961
1920281051
358577006
624334901
1044161333
-1843028166
697908301
315400049
-1532035168
-684592758
-1133612445
1334064764
-549677596
-419716963
-66754018
-821586265
-1608464104
661211322
-1077238282
-1858316209
-2147117470
1986161568
766020936
1608117084
1777194659
1779685969
930692233
1041326979
505982207
974345149
1253100146
-6491423
-1768188525
-1292967114
1928365953
-831417100
-976721938
-1686719519
1518218631
-46755434
1875319556
-1989504905
-430655199
-225433837
-447637453
-1135882648
-1255958060
-1438743582
-1302002164
-974242160
-63394126
1251742637
-2142117519
-627814599
-62631605
-1694159712
1635916475
1868051682
1210205569
1000596291
-556679735
-354350659
-1008335737
-438285697
649471991
406617384
-1166221280
1011422968
112142593
-534714623
518127387
-143534195
1414731694
1541399658
-978675396
-2028141078
-1053812844
81094502
2015518610
-1598703108
-1885610777
-549557345
-9690197
-1531818389
-997509468
-1971497717
-2012933736
1487816107
-318367380
1703560429
-335512516
-1382953838
642122436
579665685
-757679833
-1858133245
410174320
1495522012
2035119625
-1404420676
-153348340
1176493108
-1838240803
-850265167
-1686115428
963409326
992520408
-477419703
-1481543908
-1639943317
242233981
-1356544064
1566345608
154588668
-1927067260
1629325944
1650994798
1781056045
1866270704
-1074096025
-846126366
1968621678
-256621505
1077779297
-2107224208
180167828
-401676735
-167831373
-991470511
-531526871
-200581553
-417886679
-722089629
1295600200
1399682442
-1434727349
-1888173609
2137507877
-772519065
-1168031060
-583994784
1746080377
-521092737
1867347212
-1184191566
-906646730
-1197242891
475418734
623705070
-78272551
1723640168
580613151
-2058606597
-45636286
379455890
2072628542
1441432496
1051109150
1515787212
-380010833
139023699
1728340282
-1001971664
-202158671
-1888962086
313195671
1556446636
-2056602469
-1523457585
375576455
-1267702714
1122945611
1598668308
-360007901
-1892202607
1258912640
885897100
1771131804
-1081532474
-844487077
83289769
1973877551
-11165775
1285961765
-2020649711
1239422788
-1417083365
826473511
-1294306500
382498870
803017120
1507299402
1088078102
1862784231
-1729610063
-2032577582
-218109961
-594289280
1007258530
-2048321763
617438696
1914984524
-1456713553
-1006856438
-1006147505
-794434771
1442625697
-2051448319
377494136
-649309321
2126077619
7884850
1658030933
2079111601
-1240950805
-1356232368
881321594
-173595721
327826552
-647493897
-1834758111
933133731
41237318
1369367365
-1503818136
-1460315220
728423245
2112113725
925549467
-1780197977
-1672359525
851504488
390236851
54188593
-1628508421
-1917621384
1430797503
-1741386498
-1166884730
-1886593573
-2079614469
-2121388788
670020857
965230393
-119137243
-1079851470
230930633
489253181
960339828
-1164290179
1533902579
-1043830378
1044318329
-119592432
-1530936721
1181812
1019895955
1018268724
-103159836
109953313
-434468364
1790914598
-46643778
-1868991405
-1146845101
304102277
-2111269112
-430014486
1721102098
553324385
-965297254
-515070859
1634261359
-1757071277
276480069
-1484502635
1777412796
1084696427
1388795550
2054042768
-641968169
240718182
-911537526
233625382
-552636237
-1409124882
-657231842
-336973324
1962203711
-312888742
-594787626
1236727280
-79892222
-1798747584
-9099778
400839884
-1764438735
748917142
-2004622498
-1239706217
-905953811
1492185294
387672563
119147467
-244612201
-1192595988
1136459040
-1451081186
-687207634
902095906
509851952
1538070032
1368245916
1040791873
-2058387639
2135532274
-492454416
-1736855433
-666283580
-905198894
1940392144
1224292718
2079242804
1629923006
-379138905
-163347616
-1793203015
-2061730986
-551651093
122220712
1999706001
1151057865
1408053531
-344079824
-988194870
507783245
-577764986
1022554163
740412505
-341122070
162112338
-824052050
-694703998
-172287340
918843045
-5792783
-465540670
-1068718210
1616720315
27683383
224298696
-1579980121
-1737639557
-791703546
-1659666859
-1626229490
-1646071483
574208396
-1735985132
-456539456
221370873
1899399043
-1827148562
-1517605650
1923573377
-1564513416
334426596
1290244976
1853286784
-1609428802
-32365175
-1686093107
991473631
-1767587353
511600317
312590104
-1487413831
-919154204
1364654267
470998323
1790683213
293504210
-1815163593
894483081
2110556985
232490335
1071707976
284003597
1603459122
1498450239
2108422076
601926456
-309414752
1192577579
-1163464532
-1454488717
2147193648
-1586894988
-1625026993
1673510888
1445102227
-1648172517
1609518780
558444345
-1102345442
525922660
91504213
-777756664
1709477173
197384547
-1651741425
827218138
1097472331
1154524014
-924922500
1801281266
-1735528704
895221725
1983996263
621395805
216207661
-1108272334
357717963
235683090
-135780316
736741795
1855059803
802556731
-290882031
1787045720
1259619778
-1181446999
-1076964365
-1679120594
2103567730
-493585526
-69899896
-120544256
-1159748877
1299805257
-710561639
393647640
1840598186
-1872877073
-1414005522
-1896138614
315581401
2050694035
364480317
-764690105
669591902
-223436926
-1084152717
-6392195
563622908
601529738
1090147479
856710948
-435165860
310934823
873689547
-8794838
743535941
1048727867
-506488454
1385557354
441568547
-773719404
127293353
603727193
993249569
-1526864480
-706401756
-388378440
1254705513
-1352741338
1706983621
-993142398
-1852505543
1278892303
-495790473
-295866599
-187778645
949868802
-951089903
-145582976
2068384203
-1023361500
-1165843965
-1344208394
1487610866
-1260354936
-249626617
379102805
981628876
-1998756423
1912819776
1215727315
976571372
-1273898054
-778296457
277896955
1582783166
958402197
-420700241
1856246039
-939008484
2055307899
-852526808
-400577609
1155307004
39768732
-1515131140
-1305377153
-2013237454
-2145394683
-1964711753
-320244251
-2029144668
1800779653
-2084327042
1404311454
-1697184053
808738654
1098468497
1750987738
-921485603
-918215544
-1572473770
-791417035
595249388
-181839861
1823676820
684689629
419510247
96002354
-754211125
-889816895
1818739807
122061446
512183897
-963657781
-1095390614
-1664547105
-1991188619
-112064881
877569926
-790340515
-1885104047
-589278109
-1839641849
-756300991
1355196009
777551469
-1378201138
266568859
1941429294
2041029157
-1402768254
501376096
-1985910244
-747675910
1317915791
-1465811541
2040495905
-1655086719
1597315735
-331029819
-325045550
471038639
1019965660
863726669
1856542052
-93622421
975922511
-1191828084
-237412609
-2137942933
1932464509
2014233340
-1189032921
1930891518
-1605152388
9050224
1123515316
-1383274977
221867399
1370100477
2130576898
1444157804
1516300872
119764421
-262062865
1816093507
643688688
841259361
1790321622
2087781761
-133619690
-749383533
883239657
2033759125
-1227828824
611674250
1556558032
-1153229132
590188743
2038247015
25451491
-1094294942
188757591
856789888
490934465
428200843
-21661455
-925011442
-1251031872
1227606280
166708058
1273678112
-924649393
1168198573
2092558505
194161576
-1697621277
1668446912
355520092
1708424120
1919539393
882923423
-2041301624
-163450100
-1054219441
553919150
-1949998429
-341343362
-225287867
-13589248
1663029777
906567874
-2063797662
906552433
944574428
-1637089838
284962260
-446401666
-818672600
646628023
-551697554
1995458398
863030670
-353648024
-713096601
-1550253758
1066118590
2014207518
-1822123451
-1482076842
-1198308754
850451793
39494847
-2078885389
204396234
214941739
-134854887
495626669
-768115560
-262821915
671658312
-1888340788
-547247633
-791768427
-380003561
1290771275
319805963
-754706304
-120693675
1533269649
-749559752
-870335427
-993593435
-1589935413
1309758191
-880332643
1094058724
-1810780882
1500298900
-385711493
-2083104932
987539500
878568409
376147602
-1137237336
1783886811
1038136640
-1610778493
1818256706
-713003842
1337787521
209036283
-294326883
689149886
1799711849
-822850054
118514542
-1667726394
-164174918
-2271310
1905635758
665054440
1369094411
1785853458
-1799956712
1851145307
239187738
112208937
-964631183
-1411930757
399023995
96790652
937570354
-1560429407
-1196948838
-866543649
1075628070
1291216444
1985536434
1941250859
-673193529
-1530792443
1447388360
-809280129
-1311657411
-613966962
956874733
-2082229213
-329268883
-1028784440
-1089224091
1442778859
403340820
1801682013
-906290867
849603487
-830191502
522623142
189379656
-101479775
436695983
-374778040
1163781947
1482341994
-1550319998
53802532
135336062
-777992522
-577208382
1454279193
-87294870
79660612
-848838420
-214207145
-1066787572
1338923349
756432346
-1738879531
602910369
1017100320
-1868231481
117920471
1059619068
1773352547
319831545
138257692
2065710066
659558541
1968151493
-1431142192
-1331603738
-1146559656
1809669523
2133804929
-1125834655
-1493851017
1973726248
-2117865885
1157047531
2027770333
448116365
1291424686
1552395398
-485219708
165531229
-84754178
-1571885372
673843925
1352787244
-1008204431
414789757
-355644454
-1563883521
66438010
1433881977
-10001430
1678307296
-1255704457
1639389231
1611604453
-1560458710
1763893442
388995683
971119255
-1534753176
-143375231
-27877872
-1112119275
-1221357358
-1218693888
225045928
1605942159
1247489670
2097881167
649942053
-330746882
1659870008
193188820
-506221972
-1392516447
-1434220466
792470929
569048557
364236018
-2056559404
1417249529
-226519795
-97026820
2018193769
398385316
2095159516
236094031
-241706872
-929900838
-587668098
-768909458
1786455495
281151417
184349750
-882619006
654189873
-28080744
-142739114
745474834
1558259029
-65576729
-991536510
449749417
-1797538449
164669418
-652719765
112918427
1590539706
-833823857
-1815491355
354330718
712690680
-1447299379
883287161
23579874
1043661846
607139768
329008752
1466600021
1120348965
530618780
1435881566
8694010
-519348867
232441825
1071703825
-950710993
-1415522777
1200740058
326520338
-700593755
943375861
1202145922
486034709
-1522173409
580826394
-1641740279
1081214338
-38168480
1855848964
918625361
-1975777150
697139274
325849743
395395706
1990848246
-1638793751
1839147164
-1091824127
1749129468
-957797327
-1540243934
1641764737
-757359095
537731238
-1638313415
-1448433291
259100187
591024454
-390363147
-444276037
574410876
-621828302
-1170334589
90560314
-1786810666
-648358992
-1839572516
1384865664
-1702658567
-1561234883
-1788335350
-913616762
-501422154
683558410
625529100
1685900820
940200552
-1129243194
1905889063
1218072125
299223463
-1088461800
-689612329
-787318682
2087310734
605282141
-676392990
767404651
-2100748432
928963366
826153153
983536884
563771737
1497385310
1709333187
1434649601
-1415485329
-279471324
1998081778
-862827649
1227529383
591647864
1138115183
504474344
-867894224
2096266482
-1736726537
1155010028
-1745435883
511969600
-1288339550
45476253
581196500
527699540
-1168993765
-913481851
-295978449
710701021
-170469939
-519025011
-314144228
-1064268135
879919229
1370726716
182243220
1751270874
-261264405
92936507
-1294943581
690241753
-700958990
951078482
569132770
2066441838
912848035
93895000
-1065181918
-458916441
-2107950925
752927443
-165703729
-1186722546
-1175403443
1963762652
1124239189
1304206840
366117500
444957281
1644650527
-2046727538
-60973986
1530762940
-1991630893
1790539927
-1982239046
1577918315
-896635001
-529684788
-1583346424
-228127075
1771602242
-852498122
-1711356181
-1284035111
1441257995
1375860548
402666101
-1453113277
-1733879614
-208222577
-352151867
-360455999
1148568543
-51258839
1178751851
-728326259
881293201
-1336265726
-1537978185
2046915591
-440672948
1595925431
1922051072
-977676514
-1578218636
1425036458
-243281165
-607948998
1688129428
1769382897
374115604
2021108018
-1836284074
-2017041121
-879521064
-1274595671
-2131122931
813964031
-831108099
1043005957
1862956894
-1716377656
95124149
1925589871
-1400960791
-1603296580
-527094007
-1099041760
294814857
1355773260
-2135126010
-788288361
366853854
931512111
803829885
767462462
1381741999
-1728924059
1465850523
1102909150
1301787751
118786653
58698174
271917526
202734722
-456781235
-458660704
123559693
-1399253178
2004756948
-889485616
-1268778151
-708131194
381324660
-1023340874
1111181489
1680996424
659368150
865681582
317595426
523735703
890457783
-549780409
-438578386
-2075316616
-1345019327
281641280
-584204325
1133011999
1927339677
-875791121
-1714224176
716760906
-505865899
-1955034231
1418535396
-1636162645
-1659477486
-934201857
-752445792
1192379458
1873866947
-1409518491
1244586363
244542348
-1782916332
-1331790054
-1379965728
1964684808
-1206959172
1389885287
1119047804
708311907
-1844481327
97441855
-732669784
-309124745
268233695
-290789847
965040496
-1087383190
1397903937
-1749409340
1183745098
-1509109438
-1810378557
190930581
949595278
1950139988
-928503543
2069758505
1754348723
-1779687206
983858627
1093909558
822518153
2077604030
498979607
-918315665
-551611162
-682985667
1011845482
-785770257
-828313098
-1407516741
-2095274722
1014578573
1536240800
1217046645
-1337766634
557093969
-1670941530
-1724342161
289615459
-1090071440
620410318
-1968185903
406598092
1721624721
-1820730591
-1597060747
1107998982
-1927405672
-753098084
1618035825
891016298
-2111279227
-183321221
-730084916
-456164265
-2029634423
1502069536
-1654581121
1544050768
-1995029539
1995609558
-150789524
241189992
-23520697
-251099813
1990867924
489315409
-264727696
-2143137113
-1225774472
-1411903665
-104149450
1581987893
79223528
822725615
-166129581
798812928
-1411409284
1971157169
-616102974
1577359067
-1009603651
-1894099716
-1754440497
-1002944350
579350410
327579684
630191268
2136262168
-1319422738
1118840825
-1869939924
-896345842
97116302
-1004427992
130946596
-306444705
-1820294246
1752218260
-908893025
-1496901398
-1036019790
1225154548
-1765768547
1002041464
-1763674855
562616958
432791440
-1038925063
648359331
-1827694090
192377408
1335797910
-1790247723
565495882
1973587933
-639563857
-2129315703
-456245049
-1501068223
-2068238315
416942952
1956136287
-1848437839
293800643
1230641104
-344564184
-1646449674
-1154816245
267034758
391784271
934817116
1643802146
-2075207726
-1490335433
-67107352
1465405433
-834773192
1870938767
-1575888688
-388074349
1146749989
-1044548978
1497009209
-2041310362
2019208642
-728450018
-1348150763
-5210810
-704557481
-1013316154
193387652
-1036028784
597220289
-1485391043
1922337880
1646757181
2035446191
409558714
187569692
-887676386
1041806749
1460726731
-2096828710
303183457
1089567569
-168697028
-1997208357
-1591926904
-726774910
398543314
-154958816
632319474
629788482
-54939083
-76164668
696467361
1153012853
-1339073361
1186537135
-1142467535
-1805850766
625014656
1644140065
1246353433
726072861
2066887837
521201539
-1289261535
-1911000361
1487259228
-2073960037
-928437321
-511437689
154348048
-326132631
-176945047
-196070027
1338227118
1120285057
89971824
1797232694
198321683
57910546
1881787928
-543887501
-23933251
443897544
97550238
-577852512
1652702513
123577937
-419617077
1953107447
-490996397
1454132009
644807189
767490390
1747013761
1189026721
-244291157
-206938315
1011196912
-516218186
491420818
-2651535
-1230512382
798099966
-327508292
766357004
2002376548
-1327928392
1129516012
587595509
-1392313436
1622332029
959307273
-247505939
-781014101
500530510
-978326310
2027096691
30269808
-104637351
807243863
-1503481544
-1212249262
298435320
238275657
1018549337
939736371
446681511
-1390458342
-297591264
382824191
-967765491
1840907132
730202677
-163451333
-1916118102
-1276559965
36604066
-1275647081
1270256356
-252407156
-1659737781
-1453822070
1713652249
1060253106
408675111
-578502409
1926034692
-1096699442
-1744166186
736518398
-1488831158
-558076988
72927250
975073485
-1115384693
841897142
1244459251
1590760573
-912873438
519743778
-1828296821
679844226
1191119446
270625237
-1908889877
-1105877547
-345801241
-446835238
198221063
1493349363
1805591085
-1941925056
418147207
1714867322
-1907480684
-258299761
-271787084
-1157171204
-616330375
-1573324821
1548122966
-521680985
11683206
-1018800841
-541836803
727371219
-993794596
864707171
-53037225
1922481585
439205249
-1056819065
44471038
103112763
-1669386173
723945675
1070524750
-104124957
-532000417
-841970957
682652158
840183319
326034989
-2071012388
-1631951979
1453176436
-211339446
406360411
-255429661
541412808
1071635167
1391473842
-641001358
-2099599018
733695377
995512877
1366701722
-2138795337
1275876765
-661787941
-1737365110
-1946275278
1081187333
1425737153
1365961625
734361150
882924129
1835251143
1860495252
-2065929815
280787302
-1079114542
846853529
338875051
-1957878638
905440762
-373561050
-1452313964
-1920292699
-730286171
-558424694
-1050670836
-1853778330
1208327995
946362297
-1250538274
426901679
432390491
-442658751
-1429738518
-1875113003
704574906
-920594257
516004080
-333605304
-221760730
1992817424
-827124991
932451848
2142666319
1285311706
-2005066869
-1794970242
-901865596
-696499185
761478902
-767328485
-924340634
-1165202563
-710030799
-1218497894
-939763079
-1900885085
591776297
411554692
1980899002
1695708534
1177242634
-1786115115
-2136309781
1855304885
261890808
-123696382
143904811
901181612
1414341375
-1723365183
-572392947
-2029302390
336764219
981083704
-648140446
-1504770296
899174618
639032554
-1484634221
-1408642505
-95080967
-1334543748
1980190607
1912108115
130268997
-960912581
-2002002248
-1237976765
-1530699953
1302640521
-509272698
-205609308
-1478915754
-435139194
278487775
-1246348338
852920887
686855320
1814258516
-498077375
338175163
-475118577
-1173649409
599269624
1059183107
500539854
-1540700648
-959994278
742340309
1993630325
684656609
-162193199
-1087558466
-327792175
818518511
-435307016
-1402030343
2036939962
1628420226
-1286002418
-1045328928
-358882693
1769338666
-317496562
-29777366
-156737387
-1068863572
1564112364
1187282006
-1354619427
347892934
2108167277
-1632980827
1753707200
-916194119
-346411180
-1411995443
-1315995114
-922062985
-1436279012
1710473740
-1290528401
-1201853419
104590547
-1402514526
-335183350
-904496895
615842105
-744843320
563425508
1104082774
-1916288401
-2095779658
-825973129
-1443611968
-910635066
536547402
-1495044533
1394741623
2045078459
1890895302
1978377620
-1787621384
1969059887
-1531346748
-987230323
265584200
1833214469
477090791
53757385
-411816695
1576106380
-75788966
712268443
1936836080
-343242843
1330439104
-1379358476
2027952081
92033454
-1085290762
-60385014
-612128280
-727009443
257720879
-1972157134
1938041401
-991701910
-1782454886
-992368803
-1628663006
-913917106
739286911
1426100204
1683415493
-394457260
-1619184668
2138923587
2048498643
1642075736
-832194204
-1535620503
417572492
-722282003
1845572464
75565186
803452893
-480549170
606855415
-106153956
309152568
-1073568799
-2058405104
1526252409
8064637
2012365339
-1891489924
-1150575339
-329349271
-662316881
1009809558
-1873563923
-628863852
17939779
1962480180
-1771276716
-80466308
1809284993
1166133475
944791139
-1440180510
-1759897182
-216957100
1293278448
-1937153571
753964751
-1293765537
-2123572852
-1365285379
-186065780
-43037435
-1930912977
1627291302
-644264587
1651733232
2008692233
-758194992
-895872620
1016558254
-1547992183
623620484
-651864726
-1721208024
536900673
1349370082
773074971
25484876
1699186964
1970514797
-1300941688
506770044
-1301929650
910835191
1505145159
-535400104
1127584573
-1693621069
1350548960
-746605875
1973047356
580822934
1522642822
1390726983
-1249795815
1626809956
-1302642376
918344409
-523750764
-2146895089
891921440
-771810983
1213938366
430384370
-855601579
-2879666
-610175680
-1563990258
-1395857844
299203915
-1822649697
699420895
800426973
-1658988616
1238365674
1553709632
1019837790
-1310970084
-1061057496
218240619
995975217
-2057133988
-698614107
-716383958
-1039810907
1341173876
-1038414917
981848493
-579463046
-882637951
-1007831826
-181081671
1880387508
-1747305756
336912507
2026565753
-201742614
-1546555200
355925512
934794703
-1301322688
538772625
-203868313
-1376722866
100618514
1872499166
-482918130
-1028290330
1299766669
-1565313455
-1944871506
364179357
204577922
-385581707
-845488377
895508826
-1225123101
-2066938457
1339292065
-583331954
-355848193
240329132
253057903
109636100
-1319483322
-1430649103
1361060369
1580023782
853772769
1999541153
800269501
-458924406
213666624
1589674771
668666587
-1383748325
-222357003
1779727324
440832382
945422978
707812699
-2976111
-1175544478
-552981893
-1418927763
-1142036152
1783069991
298615766
-2104850558
-1089766575
1229504961
1374186925
-631867077
-2001442856
1437669312
-1886764497
242525206
1341983552
-1526526114
1488776997
-1286047864
-1630515924
-46426460
-24692519
-1901297275
-469917714
-1390274784
-1656635659
1122550029
-82665582
-1553916421
796137630
332536863
1087888634
1088053800
1040581548
-2124670357
-1482792278
2130654204
1734366143
1026756475
92166126
536522285
-1951633654
-990297391
1040898717
-1892785546
-1875956684
-1680748289
342099463
2053998906
-1500229664
523960401
1487330005
-88667293
686707628
-2073264630
-1277144390
1530676363
1764745289
-931932847
1859484094
931796913
-720791191
-1181372248
691336098
2129355299
-905407105
-1158995606
-1364715057
2087270185
1784711881
-2080431204
-1803517656
-837256261
1997963253
-2144887506
1750388176
-1132403942
-739000288
14378620
-2054204657
2087217837
-305723297
1669204202
-15323446
-1770328267
-613398671
1855698251
75799747
-970979440
1994289897
-1097524180
-714506357
2012714270
-1956932640
-50445887
-2144864421
-1030593955
27741129
2049558445
818839856
693136924
1572815307
1382973269
-1991941257
427185056
1945813826
1303875144
-861543304
-226189623
1790385550
1736430663
-1951706776
1917778829
140884877
-612436655
-684253898
715253557
-1228690796
1875574241
546839664
673651389
201642118
1733814504
2078317416
1747797893
-1675109685
-1562704503
-2112050060
-1079444643
-37789690
-791180012
198895195
-1959643354
961907429
-1211891361
-30788473
845051458
866394749
-694609833
1690429747
587318003
-741565706
1854431821
413041580
2117885204
411119511
1239700875
-2126735930
-1527855381
-532748154
-571900495
-276811361
-1003934648
-1787863997
443664990
1392268166
1278438323
684235039
-887605834
1222027493
-2139196449
117670102
-304153518
-861617840
-1311153833
1483061405
1376349680
-1415859241
-2118512189
1280944392
1405128672
802579765
2136769675
1169969906
828889661
-443196275
-2015071397
-429807295
-2035585310
-2019017543
797444401
237866497
1453964644
213482659
1117192356
-1069901762
1883456104
1385061208
-643752785
-1926096260
-1825264157
-1077318072
1086818430
-1149115098
1010344274
2090024122
696634910
343077426
1321086311
-377540296
1076244171
1291644477
-1491639148
-1309457860
760279593
-1735181818
1590768953
1810358709
304640981
-403373707
-584345255
-1992077339
161304604
-52928087
-1921196091
1497207214
1288076750
420760626
-1162356999
789356812
-522887889
768454668
-889798690
1372687749
1896054144
-21512058
301556056
571889224
-1316413848
2065435004
1468183389
-1831369520
-803142661
121193201
1214905566
1196468604
-2023350580
-679511850
-1449794423
-1005680827
722467797
423369512
-1714327104
816953952
2025136505
145125265
555757120
-744298564
-1188895727
722926937
-427474632
-999466694
308617430
-78413007
-835275170
-1288481236
1918034818
-2098813693
-1149551752
-932614809
-19208079
-1640461638
-1562066833
-778435564
-1792248251
-1002414299
-944185445
1920753181
1319649484
-217769593
-86211078
2145831177
-2053530112
-1564174290
223273244
565690768
904873732
-1447484820
511062616
1159616709
574546746
682213825
1889168036
1116228718
642613971
1497327336
332877595
-1776775329
1093156692
509702479
-88221331
-1275264139
-1212372348
1874760937
-1593631879
1814074562
1989343827
775339009
1504216943
256697487
1761084235
896186464
1073244598
666897068
-1588681649
-938488530
-18312959
159878352
267123180
-1536106393
1274721497
-832220949
1449502858
494759151
136314945
481976236
-1429544968
233075258
-869780889
951212639
588489786
-1306408644
1944023892
-962093975
-866087756
1885393070
-2134999360
-583831879
1322696182
-1694595255
-191258726
397628586
1578462188
1830020829
1371827728
381548265
989114298
-1853231390
-1255693252
-638625690
-1838852210
-764181690
945202595
-1211641094
-628689447
1082067519
-1959738629
-1630488623
820823704
-171194184
2063428045
956329520
-827345648
-944794615
-1995348354
1476684470
-1037299793
-1227657093
1913371565
658471602
99955382
-649901483
-1222030579
339334667
580048010
-521956230
-1268400789
-545646955
-28348569
695242251
-648035973
483178997
564531216
-991589355
-667492114
1957638746
-1281314573
1202775862
1443233996
-1496655340
1361606578
552010316
-51390756
2010376159
390692622
352577345
-228973377
1021447224
-745751991
-154904367
-570266730
1248400820
-1557510386
1084816934
-1899492228
-1512690656
-1463449093
68071641
-861510745
1939611366
-246871597
-350312374
-1981334170
747309819
259199299
-372732478
-1742765105
1292794881
2117996008
1671830985
1699225897
457519847
-37060364
-486562947
-722313312
1114081370
-1735192126
790157763
2002884526
-539574558
-122674995
-1520174951
-1770541862
245905307
-1863385197
-540143152
1377855913
-737864438
1911466376
-1879425029
-36042181
1751404501
1926592167
-1788794773
1914326401
370386662
814483478
-1621791290
-155750811
755318870
-41451610
-736845451
196084824
1601739097
-986783284
-1523563096
-1557302667
-2114445132
-829592237
2104590598
953496320
-1312222422
728276315
650963173
-265737481
-1196592265
-341500351
1680936213
-761793919
673939550
1209461423
883262540
-202687687
-1431012864
2015346901
1343206374
1337500669
1195036004
-1245508129
-585086570
2134180394
-1868816141
202372860
951876581
251775069
989432728
-1966342467
1813965466
55632106
-1014320285
-757700797
640975673
404731286
-1778061954
-1810776160
1026170175
1820519840
-102766535
1665160654
-1088511747
-1604088737
1806372013
-792966486
1646830013
1209244010
-1949621462
1589498567
1726607563
440139572
237851164
-277431242
1540324194
436039719
-747184122
504201638
1585093711
-1253956084
-1511247842
-476725318
-1951487263
-925473566
-380743252
1271890410
825071777
1710551679
221561999
-1761958925
-1270812116
-1309476785
1353228877
2053400563
-419929600
808458786
1496108593
-484251946
862774441
1763701293
-2098225495
-2129112291
-815177443
-1556171311
105809025
749490978
-1984489663
-478429735
509568382
-1678690778
-1043686000
-902209985
-1917390841
-1319415336
53061088
12405015
1987237004
1532766867
-1546770941
1442368264
1709924711
-1918252197
1962012567
-301322409
-827576465
-2089527701
1846223451
1651559381
1399809392
-1358527703
-238021877
1229356798
2143107319
1741620752
-850439407
-854672821
1075467699
-1034316644
-1564800937
-569262534
754180534
-1190379460
-2087297463
1596645952
-2120948582
1306542741
-258586007
-389420395
2146415300
438343286
1793327315
1180015470
272669225
2068565295
825225656
805875679
708592076
-308951670
1773896470
860808631
-426545053
-2107955655
887636739
-1644684731
-1069435754
-590002281
-107462611
2064511596
-1163645688
-139889995
-1141037029
960539260
583628473
-831696652
-356588705
-563150220
-1179278994
-1405389501
1076133241
355993228
1144835348
1348561311
-1580000574
950238353
1542577213
622495967
452150394
714053233
-135477167
1156290928
1735288480
-1223562209
-1279929032
-194439081
1938012884
-88582959
837046042
1253139865
163167052
-1670906264
682267285
1127326170
1645074372
637240603
1968838553
1234933609
813042945
-1117858448
1688545801
161517453
575572991
-1559966489
-1441977932
508062318
-1234032368
-2036940441
-1223531653
1568841529
-1474175211
1149063040
-225408089
-128698703
672878342
526097288
491417529
-2120572509
45512342
1774392644
1699167429
857339659
122128388
939093697
-551230311
555177611
-910262587
-241968189
97651884
-347343455
76865490
-1145440820
-1507151396
-133742874
-1558186767
-1842447475
267244599
-543790305
697079587
-1005932295
-1833136701
-348396822
982257165
99211301
784059318
1600478846
767986705
709970160
1588304764
-161944866
384412314
1825331947
-1609175979
1551526062
2012503961
588026976
-608153276
2067040026
77556531
-1902121685
-119993902
-268540275
-2146068801
816810568
600801026
-1748165312
1670823623
-2064206809
1969785900
-813456038
1705227768
-1866595603
-111552161
-1928143542
-1134276899
-1827997414
-950132741
1929406196
-889974906
-645233037
915262981
2143515134
1696717916
-1850460404
-998696916
2104511039
-2128630279
-340247719
-1525991237
1783532064
1396055639
180627044
-746400212
148439296
-1408645936
724464295
-964991237
1519427820
-1885936328
-1547338424
-923007140
-537367946
455595611
-1998957443
777614302
1286786139
1960025944
2141183499
-1173692075
826440855
1962073160
1850026446
1044246142
-1063555836
-187641838
-232651232
-1835382381
234596606
-1458614405
1356035836
-1001205460
1432961496
-1581805331
89566925
-1871960820
1969726228
-1466048264
1532554070
1262260721
-1413675320
1819457059
-89581562
1901806512
1305493538
-1536446633
-1608727425
-1561685332
-1346505062
-298647155
2066460291
741616272
413003555
1202413811
-1018610710
2115171019
1562252047
-914295119
171813747
-1325193420
-627461963
-1662305597
1862680475
-1617232711
1057674664
1833590693
-1477751910
1050859215
653103062
289172676
1905607072
1071281407
-316350862
376611405
-283074483
-993093711
2036423218
-395315745
-814406687
1572894723
-767761798
1647023486
-1130736833
1604505262
-183244513
-1494480754
1620689685
1920799224
194233856
-2129272013
-1311849092
1223019769
1115285286
1662926265
-1479407860
542967665
-1399104091
1649944460
-684982038
-597234766
1313160810
-682824960
1755838070
1619047727
-219369320
1755564068
-729912935
1350825454
-505335355
1293847030
-1649027600
940394659
1529424793
2144667860
1973961156
2009871490
276300734
-1312252468
-2128012801
-1533615862
1300567217
-1064386615
-297821527
616404573
534925705
216390977
-1030782956
-1286379632
-1763732141
-1466233167
-1952896362
1131997128
498008008
-1953908456
1280140528
-303838563
-537996657
327703400
955016934
-862225400
1913933370
1107940871
-86769828
103807470
967335252
38347453
1188630412
-1288718474
-238025486
-70376136
1337388446
773402788
-1004593360
1403405131
1185353656
-979053338
1962903323
-1343411865
-1702676749
-1935000100
2010659045
-378046109
733125106
1304210998
1138720566
1831549785
118906814
1600146703
-460695496
1566778896
595700984
-293623466
1001999901
-1663951980
1397028119
-911922383
-570530938
160880536
-227827586
-1128180118
-1817320254
-1715882635
1949934641
496673494
-616439576
-1286538776
1841550237
1646447614
158174257
1371326569
-2016217974
-1202956705
-1445589060
-2144043569
723443937
-1035512758
376497
2022023648
-627418613
896690341
955716286
1493122201
1739484492
-1791317692
-1874475587
-1648265636
334248210
-582828561
-848208248
1642149376
-1632825363
605709962
-1351537863
-551836182
1856746631
527374692
617968382
828279800
2058933543
-274164580
687109443
-1076615912
-4053322
-1537876394
818655384
-597059235
-1487669637
-1397858319
1943344577
-764801539
-2089169285
-1667645447
-628000227
742688229
1554254719
-2023954402
1762962610
-1683581774
675597708
661938360
-1407560562
569262622
2067407602
-581847049
-48595315
-1762675566
-1374726973
126253837
-814469831
2068184119
92251114
1708330065
-1862615088
-40990213
-544346096
-296905275
40836413
726437954
-1844921881
-76892418
1822131874
1293575442
-1153313819
-1352595381
-1810141971
1601064955
-1665187185
-600030556
-1197589032
93863812
-525275963
-747230827
1502813482
1296826550
2004720343
1904580536
484625470
377766510
331739811
-413323973
456318183
-1272229071
-1582290123
1543114531
370243903
-995163134
-1010491084
1697925413
50849254
-1127050482
1390183166
1172375697
1327223245
-1325279634
-1571134675
-188932344
600903653
1022441246
261337939
697806150
168939550
61905469
1413156896
-1852968409
1234799448
-348983674
-2103800533
-1590027543
-1354764500
1303999571
-388053584
-1390879077
-741748123
-1579270847
1991694297
482959449
2061154481
-667084233
397324868
1046020690
-2101984981
-1910783867
1225166664
1901591749
-207786928
-2054615402
886858176
-734691290
-345906213
1449360677
39777980
1828794134
719066517
-494713197
-309148975
1914375871
-1467909929
677307405
656571369
1608224192
1399863147
1827997783
138358054
1808299273
-387205497
811853478
-1923525884
-2129118871
1898642079
-1657202618
2127725781
-1440332756
-1548256934
1093722759
568642146
-342936259
355580072
786933168
1185750375
1707557057
-1246749584
-1009650046
1623339491
-1839656230
-853111893
-1542347239
-1791358872
1304414253
-1255143728
1095408545
486829579
-1179605212
1218545332
-1570309782
-647547336
660044580
2040489254
12379386
763687346
858761163
-1732456404
-1709359861
542901264
718001093
608460011
1059216329
182850587
302917174
1966241980
-592959198
1931198957
960242373
1068812331
880205580
-1534409625
-1020386938
735757587
-1864865467
246139359
-565055336
437697359
1678557905
-415145930
30002098
85049549
740924600
-69166635
945119190
1653873654
-1147176332
-2132254319
334146502
605267025
-1583991736
-488470990
-1310176217
-983764799
683428973
1155841540
-1176803459
227576994
-2043813157
-971163986
380297213
-1520375835
-485323899
-309710536
-677386819
633931633
2127947155
1506163175
218142151
-1867504163
-498527771
1746622359
-905172824
-1978872764
-388928027
-321393870
-554108659
-1601880694
1062817928
363781599
-673356383
1964495908
-1932765021
447710398
2036592968
1805526399
-1660263753
1719492630
-1127604259
51803275
-624796912
1264586956
866842655
1056024772
-61098227
-1124787895
211811572
162000831
-1067852130
-1607357982
-1462277779
-1482764769
-324302412
-1476607770
-2028688938
-491648792
380334916
-476595259
-1610917732
-578030440
394464784
-2118101152
1001764194
-1248577040
816898823
-1089794793
-349147732
-67579419
-303409847
-1207698112
1995887688
-1134567655
5218530
1611021060
-1439960282
1699783472
156730375
1556581824
1179633530
321694671
-687256344
-1955129828
111674785
779526068
-597088932
1489061774
1042942404
-40058299
135427263
1569311350
560839434
-330984358
760938583
1301500858
1195662721
-1511810791
-308639750
-1391278225
1458469214
102606854
112061340
-401986742
494872691
-1531423347
479956850
-598754503
-352919543
-141478227
1394113704
1122100267
-1597053455
-1403031867
1230826565
979279682
-372253432
-819909911
120360435
69916330
-561260509
1731840926
292292535
-1089837092
-136081452
-21686995
1001055700
1266251584
-93263419
-1743691857
-1702955563
-1511535805
-36635989
-985896149
-871801208
369147899
1485129787
1250325392
752966230
444233340
1944907393
1749836506
-919208142
-654942298
1612559957
-221472077
395373272
2101045782
-1962486727
1104573060
-722740357
1585101978
4438246
965782913
-1309051649
-1545839213
1777933588
-718375408
2067515407
340734617
-1531043006
-1744734026
362212842
1146615158
-679846916
1877054425
-1179669610
-680916150
1840527600
1780391528
925761918
540766057
-984411113
-1010672194
1745096348
1539481990
-671293399
-942185355
-1957108684
395339697
1258587270
-344232674
1944009024
-1593891094
1138651509
-1848167602
2066827579
-1759249408
1699673628
-613346150
-256224974
502820523
1806986385
1582397632
-555604318
774180585
642721346
-1955373146
1524517443
1096378991
-1853623810
-425795632
-965917120
1237715409
1006737867
144288501
437799519
-1214691264
1008466217
-1414890023
-1675509595
-2084854806
-938193485
585227163
-1111469522
-1327055857
-1071692624
-1714765885
564054006
-513648123
-1900850227
425477175
1765082971
820695785
643920485
1461591085
1411718557
905895098
1895040998
-104174012
-952379721
-1091282734
93445822
-713855322
901077869
-1050053563
-1534597400
-370984352
1618339481
-534916947
1542216383
-1419268078
1662993067
1681545876
1158836764
1686975564
168147179
-1842289101
-1052334775
-980128595
1959746548
1816347034
-848697775
839020071
1280626758
-19995773
-1072403810
-1325147699
-478991123
1200410752
1297586600
-1221130209
-1024578577
-1169097701
-2065027450
555669750
-1144080494
-1192812467
-1153061332
-1318190235
1072105924
-1699116526
941341203
1681360095
-581600058
-689869613
573978092
1488826991
-863475087
117514182
2125183332
2111195390
12422022
-1841336227
1493279238
2012147357
581030241
-884768947
665953921
-1973214411
-1895778297
1377119609
-1967902963
-1069957884
634107296
1482169118
-1692390350
191309417
-270196431
1596067619
-1708908378
399641958
-576108265
1545791743
2083523693
-206718261
-1565965779
468693857
1258007597
-921240362
-1739946138
1001286613
-2121897698
499083766
-675379902
-793620532
1533487375
804559423
255933369
-1530210081
2012902767
-1245710662
1287689176
94930790
-1868553328
1298583003
-1043071065
840960451
-71374653
522761987
-276082598
169516507
-1013021142
-430604727
1404100654
673783766
-224639419
757174704
1024284847
-970023287
1935613239
2107572414
-1731826642
-1554401197
2048991850
-212543272
-2003688060
-1899247618
-1871507346
-2087760636
-720476581
1179020867
-598683525
31648352
1265758658
2043812965
-1136472001
2001568791
1976618561
-523647941
-1856385966
-933507244
82583396
1654598927
1744147784
-463045709
362101520
-1711895308
1581573558
-666909714
1157643213
-1297097867
1409077848
752922663
121607610
-1060744246
-6124815
1593379535
1072102810
484855519
-1130391987
-942941407
-957698069
-1094560646
-1673263951
-2035451286
-1402578435
979749104
-612259758
2011981459
1724939814
971897065
-1027756723
-1912008569
652964139
656788819
2108878829
-1142979377
-851507326
-1908786789
-1956860455
875414375
731330740
1433606977
-637626449
1147966113
692356274
-1612751141
1954567433
1786493671
506111725
1340858146
957600152
-1394660646
1457753843
1923956937
1951821303
-211187671
1497933051
1369263432
31283661
-1550453967
851308804
-1378630715
-1219452456
-288887117
-388632101
-1012077465
-531464762
1385446620
-391233744
259587898
1969370375
-1634282777
-1443234140
1934051146
619529121
1933118476
613063926
-2137315455
834463869
-1348229554
-410780835
1499871076
-2101303008
-51884167
399744708
692515551
893531281
-754730928
1158017593
353517285
2130949892
1428570954
1936913704
1703305676
-1518491865
-1789802844
892237738
1664977632
695558813
-512302344
-193811467
515754836
527528633
501131716
-2127465099
1510468826
792107597
-1285422322
-174132886
2099611788
762016244
-125133757
479400778
574854301
2098603996
-903366796
-917011562
-653486065
-1285195895
1425487194
-1724638707
344307826
-754873142
-1588722410
-1691723107
1526313705
1820799380
-2095910702
-585293559
1209427094
-1287489984
640762414
1086594603
-1242882740
1397778517
-511980449
-382951114
-1759565599
662365566
1558617131
-491806590
-714654323
110849681
-708960124
1438994240
-1985516224
1568659232
219953212
-1643331530
312710496
1817628857
1697882179
1450494117
-2118304811
1514580205
-1302223564
697440785
641787920
1848773127
1001662560
-137733268
1177736691
1052651654
-598390889
-629007773
1774758467
1861030571
1803926491
-1128321240
1637984756
-924232911
43972425
-142365313
-1657916252
922663051
359176228
-19764487
1053874600
-1550337786
-1003171913
-1098170701
-611990200
1435968721
987423937
23128969
990682557
-1878955814
-328533788
2050381284
-1620951263
-976120888
426331129
932253949
794463451
1327828857
-44515063
31627211
2095968660
-1496352056
-1363080188
-32565538
-2106309566
2082647665
519637148
1278032790
-1081947880
-1707759630
-1657205965
1014712183
-67865661
-1597035355
-986748864
1993555153
-1771188255
1527439175
1586893038
-1351833137
-1015212328
672810085
1004048123
-1575310930
-1990234963
-1190940895
69792533
1300397193
1973439069
1575892374
-1805171247
-302693700
-2076888700
-1445431210
563934258
-896603817
-958925444
1417721464
712319544
12638355
-1338074523
1331644805
2044917904
1631179655
-2035117776
-1774666214
1712669507
1169593633
1332532617
1191763771
1662318950
1448916939
261208429
-1572533954
1516422913
1180348429
-1055653870
-1605497508
1598165143
1556502589
265155134
1472182289
112603705
-1015874729
1791663182
-812392160
1576163153
-1253930610
-1131112081
-149982447
-1443409725
524061456
526769482
-1818498749
1717173906
1169374642
2076879164
716045911
1825430985
742361166
2121999832
1456026026
1304905166
707891030
-18121512
117639612
1251957666
329326144
-139200309
-1532986902
-1298170849
-1149277242
-1185887198
-1576481849
-1067219180
-1271514903
-2001670052
672120166
-1167493884
-1521904033
1762191539
-31949785
460492529
2069538962
-716064640
-1088951244
1422736862
112456256
1622864182
236064935
-882012885
2068238285
1547602033
732921308
-1612532454
-1217152233
444689293
468344369
1686161248
-2113824017
1093034793
-444289639
1184383873
1278891060
-1917827528
281141165
378214437
1301949330
-220218509
1767867449
-621508115
2050602879
195115960
88609542
1798024783
-365953861
591621776
1613562253
89084306
-931166293
-719359329
-266579441
1293727607
-136137564
1296757052
1454662241
-2030071500
885858039
191867943
441346654
103763218
-77416057
-1219500420
-488658863
1613278209
-1300355906
180703647
-717103013
1905126015
-570351144
-1889778792
-1465722025
-1737653770
459049424
-1916635996
-1760753343
1453128667
-1125315270
1724936857
-1759496357
-1281473499
-908539869
-1738922653
1679489864
-1619520450
297839408
2109258606
-2139374478
857121077
124587550
1044501197
-134382232
1990025415
1202110965
-1642887475
1077231365
1582226209
1545255143
1334782342
-848545635
-767148596
659680142
-2087195697
-24203772
-554404463
1307922805
782660181
-1087649078
-288884465
519918392
-823910605
509228694
-67139064
448577733
1619726825
1636335686
-1993061902
-1072754699
-1306249509
1696998268
-791995053
1973593089
-1363295862
-1642259816
1944932460
-709923652
-2086876924
1421075595
-1262592713
-1832925543
-2141119141
1215368114
-1046318859
-187625323
-1292018706
-1225900190
-123868613
-2975818
-349669006
1026858160
-1991997989
-1140609355
-1993234069
1915440569
1003608627
-637790340
-417066457
149510009
-461523682
-1850437276
1497809902
-956560482
1284915143
982327012
-435140339
-919917548
1301050407
928924896
1105660289
-1932094204
1635785098
1412681216
1271120091
1725403741
-1245235405
1908396204
-1733516732
-653774186
-767810630
-1290435232
-43066021
532897555
-1840051740
-1130505303
-1422392567
-41194461
-2111755428
1325115059
1592205518
-930573133
-93480205
-1353746657
735566781
1357423153
1796510570
-440997673
1986130511
1807165075
1260882923
1083729003
-269871052
-1663084887
-1783024545
207017725
733825530
1242751885
414280202
372960598
155722491
1793930228
666598401
1687948187
807117263
-1657270849
118666778
-1126781039
125712386
-1306566927
-1736524918
51070274
1801801243
385798912
2089793255
1031738582
1752081995
550928357
1679621498
1167126232
899486085
-1761240606
2033836183
-2018897417
-1364318010
-434130163
197618726
1044604690
479107844
-187661203
153585608
-1066132458
-119178307
-258827730
-1800367929
1409402545
-908082345
-689991074
487035935
1578084971
1294780977
353422131
954917013
832705512
-1735018027
894159202
107475774
-1638513710
634829546
-661365259
-495860410
-1267321422
-224396582
-1360102050
-920868924
334799979
1321003676
-1272333287
-1178138544
2032006156
2044501707
459975484
495573961
1793403147
694929044
894408160
-1235719977
-2139069331
-997297896
-2122553492
2116945421
22968924
-1490546719
946661486
-125442619
-279266663
854390093
1614169569
555886148
-397730952
-538476678
1795022185
1817631193
779657317
1663595077
-2120914759
-7650694
-230100843
-125222063
-1669798868
135157525
1044223740
-141366453
233775083
-1807140932
-808141365
-979647159
525524103
-1388796591
1497028626
-158515873
1776097449
-13551049
-962575048
-964939827
-509951406
86164362
1845483342
-203531383
-973674333
49415333
-1091344619
-71169284
1113386715
1275774327
-428186312
-1800286574
1829945061
1143881171
-34769464
704313193
336938478
-1784820032
-449310916
-1359909217
2144740535
1689533756
-2077867004
769786308
-362453896
1170695470
-802460243
666588088
-549262987
-2024891126
824907353
-976725920
-447805700
-1429978535
-2043811120
-2064706566
799496139
1102040091
-153506422
-298154693
1783758750
1281319927
-2053682020
-1792514963
547931360
159007117
-1550965470
1100134438
676649462
-1100464649
-552870354
1894050597
1915587056
26115645
-1066236590
-165543594
968231553
152264341
-1358899246
1557231434
-1730688488
-1811946128
1509900641
1938518263
-343946817
734801585
1615857427
869311395
-587644785
1506708290
-2131699058
16832768
210884743
-1553176163
1881130307
-768831900
-2055695170
-1766942933
-1178714104
-1621675606
-1739543625
1146502342
596813310
224730869
1977388122
592757774
-735750622
-2067773844
1807390003
1886617363
-418293392
1105567781
802352240
719854316
17782392
-1739585767
178422033
1141124428
1229294066
-1338619640
85269687
215251597
62054562
1593934614
-970505565
1546332453
-831848440
1405581270
-1072444764
84089685
1684372222
332284749
1731378912
406426711
-1920297664
1901578187
-1693214128
-891808200
-760252908
1946416497
-198720372
465539141
-555254146
568598440
-896189738
-579154812
2012474155
1939265227
2134149758
-1820384819
384554389
-1947038046
1557116871
1682289758
816637316
1392133060
797812602
-1738001564
-1350486596
-1696719915
721517357
-1574127202
-358278653
-1795337397
-1838944471
1545336067
-161078057
1406676189
1243004623
-1926254016
68111049
1998140246
1073495022
315401422
1940998773
1273011184
-1709258560
-384609275
708380101
-96479992
1198565088
77735063
-721891946
-723196939
403255741
-121514558
-1535893916
1177428471
-1406043278
-1378858266
299519660
-2037971613
336673822
179246479
-529543631
-2037683341
1307146916
-576159245
1997330180
221842515
-1878375631
1282870198
1323952107
330968224
-87251051
1666821344
-770608639
-798993146
-51650456
-1082513313
-1452209509
-1536039281
-468157957
1972967669
-1113606240
-1858390938
2017877273
704282180
404548207
733289619
748514320
-1224685094
-39989848
1612564164
-1809832856
1440505848
-1330175059
-288564917
1177387332
-995077090
242763092
577064992
1718817881
-735669440
-1376939630
-998372994
-1168179432
-1483016568
582319778
-1904643543
-1576620214
-455562385
1675931347
-1017157725
-2101924331
201205788
-377044481
1929761310
1515109068
1336385797
-891988869
-682972928
-283925825
201617762
771730115
-2120306711
393557494
1421984229
-1576974958
733269917
-1255378723
295732555
984624345
650315433
-927278487
1378093300
898670465
-1814944208
-1062864945
165030366
350636094
300378705
-2002672205
-1943215318
969652951
2025907798
-1428237378
-2005961775
-729863749
-1159040732
595123355
-1346423200
-1612954891
-1300590489
-618785987
187244054
-1230646479
1226978392
338961789
1655488905
973508296
-1903502295
-394792378
1070834565
-1290483209
389662577
-909854772
-1468617719
1895129857
1786060364
-923411553
1396473583
130409696
1198054853
-2111269783
2108136953
-1601252132
-73371039
1421076823
1292135235
672926432
-2053591583
500212362
966535364
-1606569680
335409241
-1503185735
1408514534
-1423695277
-1931835473
2092285903
-1270320984
1149958992
1830264449
-216771997
-883721425
-1761172006
-1110353243
-897282462
-287440097
-1405005407
277751090
1660780778
-160929091
-1357106588
-1353887379
1982423083
-552174784
-1457681665
105731925
685442070
634684478
1394819030
694595589
1009418453
-1080760442
-657865428
-1529218648
-1840280907
1649597310
-1520960445
895650276
-585151580
-586274376
938085264
1973351712
-1582946647
717674231
325129637
1569239170
-1313434533
1432971887
-219293855
-1874463619
-420799010
-1848670539
1497803561
1621513585
432926033
-1091606454
